single point
        k_ppt1                      0.4363977243499800    1.000000000000000    0.000000000000000
        k_ppt2                      1.069405142669077    1.000000000000000    0.000000000000000
        k_ppt3                      2.073102867490141    1.000000000000000    0.000000000000000
        k_ppt4                      1.706916622197655    1.000000000000000    0.000000000000000
        k_ppt5                      2.390430370282501    1.000000000000000    0.000000000000000
        k_ppt6                      0.5389007164051210    1.000000000000000    0.000000000000000
        k_ppt7                      0.9301796889732726    1.000000000000000    0.000000000000000
        k_ppt8                      1.291847733276165    1.000000000000000    0.000000000000000
        k_ppt9                      0.3242030972228631    1.000000000000000    0.000000000000000
       k_ppt10                      0.6794163520401993    1.000000000000000    0.000000000000000
       k_ppt11                      2.082734481207250    1.000000000000000    0.000000000000000
       k_ppt12                      1.930862688237896    1.000000000000000    0.000000000000000
       k_ppt13                      1.243066662864600    1.000000000000000    0.000000000000000
       k_ppt14                      0.7856002738966147    1.000000000000000    0.000000000000000
       k_ppt15                      0.9993932395464029    1.000000000000000    0.000000000000000
       k_ppt16                      1.546397447026503    1.000000000000000    0.000000000000000
       k_ppt17                      1.322071472368502    1.000000000000000    0.000000000000000
       k_ppt18                      0.7801748100497966    1.000000000000000    0.000000000000000
       k_ppt19                      1.586677429660008    1.000000000000000    0.000000000000000
       k_ppt20                      0.9403735444915211    1.000000000000000    0.000000000000000
       k_ppt21                      1.741907320266676    1.000000000000000    0.000000000000000
       k_ppt22                      0.9474318908217306    1.000000000000000    0.000000000000000
       k_ppt23                      1.293859516253500    1.000000000000000    0.000000000000000
       k_ppt24                      1.346967576003540    1.000000000000000    0.000000000000000
       k_ppt25                      0.8766970585281475    1.000000000000000    0.000000000000000
       k_ppt26                      0.5555392716822998    1.000000000000000    0.000000000000000
       k_ppt27                      0.7997396505749340    1.000000000000000    0.000000000000000
       k_ppt28                      0.6201410163516068    1.000000000000000    0.000000000000000
       k_ppt29                      0.7994633612362383    1.000000000000000    0.000000000000000
       k_ppt30                      1.030212249207416    1.000000000000000    0.000000000000000
       k_ppt31                      0.7980395732959940    1.000000000000000    0.000000000000000
       k_ppt32                      1.030829435312806    1.000000000000000    0.000000000000000
       k_ppt33                      0.6549396974078110    1.000000000000000    0.000000000000000
       k_ppt34                      0.5686147434253495    1.000000000000000    0.000000000000000
       k_ppt35                      1.049237163808342    1.000000000000000    0.000000000000000
       k_ppt36                      1.332752638893111    1.000000000000000    0.000000000000000
       k_ppt37                      0.9824559493573546    1.000000000000000    0.000000000000000
       k_ppt38                      1.946929344590762    1.000000000000000    0.000000000000000
       k_ppt39                      1.458995725525403    1.000000000000000    0.000000000000000
       k_ppt40                      1.734848508426095    1.000000000000000    0.000000000000000
       k_ppt41                      0.6006426321678242    1.000000000000000    0.000000000000000
       k_ppt42                      0.5604842307407157    1.000000000000000    0.000000000000000
       k_ppt43                      0.8481057549663933    1.000000000000000    0.000000000000000
       k_ppt44                      2.999638476146714    1.000000000000000    0.000000000000000
       k_ppt45                      3.924511728616822    1.000000000000000    0.000000000000000
       k_ppt46                      3.117431976579466    1.000000000000000    0.000000000000000
       k_ppt47                      1.341238608772520    1.000000000000000    0.000000000000000
       k_ppt48                      1.130640326746240    1.000000000000000    0.000000000000000
       k_ppt49                      0.5943910507573413    1.000000000000000    0.000000000000000
       k_ppt50                      0.8057690669690206    1.000000000000000    0.000000000000000
       k_ppt51                      0.9966309225031071    1.000000000000000    0.000000000000000
       k_ppt52                      2.737086317644599    1.000000000000000    0.000000000000000
       k_ppt53                      4.623235267135254    1.000000000000000    0.000000000000000
       k_ppt54                      1.636948682547223    1.000000000000000    0.000000000000000
       k_ppt55                      1.257138187402190    1.000000000000000    0.000000000000000
       k_ppt56                      1.200533222847949    1.000000000000000    0.000000000000000
       k_ppt57                      0.6399375234155293    1.000000000000000    0.000000000000000
       k_ppt58                      0.5096445529136857    1.000000000000000    0.000000000000000
       k_ppt59                      1.528503000113438    1.000000000000000    0.000000000000000
       k_ppt60                      3.225530228513530    1.000000000000000    0.000000000000000
       k_ppt61                      5.479098605764343    1.000000000000000    0.000000000000000
       k_ppt62                      2.392747958706555    1.000000000000000    0.000000000000000
       k_ppt63                      1.945494319913240    1.000000000000000    0.000000000000000
       k_ppt64                      1.841867368662423    1.000000000000000    0.000000000000000
       k_ppt65                      0.8033121150718614    1.000000000000000    0.000000000000000
       k_ppt66                      0.6544342393113450    1.000000000000000    0.000000000000000
       k_ppt67                      1.423795484009296    1.000000000000000    0.000000000000000
       k_ppt68                      4.048725575159497    1.000000000000000    0.000000000000000
       k_ppt69                      4.796659081095306    1.000000000000000    0.000000000000000
       k_ppt70                      3.380330240045994    1.000000000000000    0.000000000000000
       k_ppt71                      1.482883602382521    1.000000000000000    0.000000000000000
       k_ppt72                      1.472407621628603    1.000000000000000    0.000000000000000
       k_ppt73                      0.9879403538181237    1.000000000000000    0.000000000000000
       k_ppt74                      1.515765205581684    1.000000000000000    0.000000000000000
       k_ppt75                      1.407297773504514    1.000000000000000    0.000000000000000
       k_ppt76                      1.901842028268572    1.000000000000000    0.000000000000000
       k_ppt77                      1.683827945905815    1.000000000000000    0.000000000000000
       k_ppt78                      2.308477676590357    1.000000000000000    0.000000000000000
       k_ppt79                      0.9886910939025334    1.000000000000000    0.000000000000000
       k_ppt80                      0.9802364662961471    1.000000000000000    0.000000000000000
       k_ppt81                      1.726764648994624    1.000000000000000    0.000000000000000
       k_ppt82                      0.7516874106587651    1.000000000000000    0.000000000000000
       k_ppt83                      1.422250649170043    1.000000000000000    0.000000000000000
       k_ppt84                      0.7905630258528695    1.000000000000000    0.000000000000000
       k_ppt85                      0.5710516953819695    1.000000000000000    0.000000000000000
       k_ppt86                      1.075025541881584    1.000000000000000    0.000000000000000
       k_ppt87                      1.578157597837376    1.000000000000000    0.000000000000000
       k_ppt88                      1.146425237470291    1.000000000000000    0.000000000000000
       k_ppt89                      2.457164668015877    1.000000000000000    0.000000000000000
       k_ppt90                      0.8195006026090057    1.000000000000000    0.000000000000000
       k_ppt91                      0.8294027437309182    1.000000000000000    0.000000000000000
       k_ppt92                      0.3634907037013991    1.000000000000000    0.000000000000000
       k_ppt93                      0.2853909704102127    1.000000000000000    0.000000000000000
       k_ppt94                      0.7772283948108470    1.000000000000000    0.000000000000000
       k_ppt95                      0.4947727456306318    1.000000000000000    0.000000000000000
       k_ppt96                      1.730481550927993    1.000000000000000    0.000000000000000
       k_ppt97                      0.9370133673809317    1.000000000000000    0.000000000000000
       k_ppt98                      0.6461794962218536    1.000000000000000    0.000000000000000
       k_ppt99                      0.3395205175609145    1.000000000000000    0.000000000000000
      k_ppt100                      0.3771335711522541    1.000000000000000    0.000000000000000
      k_ppt101                      0.2811244695357183    1.000000000000000    0.000000000000000
      k_ppt102                      0.5238446567510753    1.000000000000000    0.000000000000000
      k_ppt103                      0.5304515125696460    1.000000000000000    0.000000000000000
      k_ppt104                      0.8602114184165055    1.000000000000000    0.000000000000000
