single point
        k_ppt1                      0.5708307455135690    1.000000000000000    0.000000000000000
        k_ppt2                      1.015824106881107    1.000000000000000    0.000000000000000
        k_ppt3                      1.966951717634980    1.000000000000000    0.000000000000000
        k_ppt4                      1.544234076266962    1.000000000000000    0.000000000000000
        k_ppt5                      1.909409999997636    1.000000000000000    0.000000000000000
        k_ppt6                      0.6156162202717365    1.000000000000000    0.000000000000000
        k_ppt7                      0.9067124935707584    1.000000000000000    0.000000000000000
        k_ppt8                      1.138009081607334    1.000000000000000    0.000000000000000
        k_ppt9                      0.4755021021388702    1.000000000000000    0.000000000000000
       k_ppt10                      0.7366841439255120    1.000000000000000    0.000000000000000
       k_ppt11                      1.679647417148951    1.000000000000000    0.000000000000000
       k_ppt12                      1.520966659021738    1.000000000000000    0.000000000000000
       k_ppt13                      1.134993469644885    1.000000000000000    0.000000000000000
       k_ppt14                      0.7973530895142464    1.000000000000000    0.000000000000000
       k_ppt15                      1.123865575020067    1.000000000000000    0.000000000000000
       k_ppt16                      1.416983933630545    1.000000000000000    0.000000000000000
       k_ppt17                      1.339651278328872    1.000000000000000    0.000000000000000
       k_ppt18                      0.7965182977918940    1.000000000000000    0.000000000000000
       k_ppt19                      1.360357579268580    1.000000000000000    0.000000000000000
       k_ppt20                      0.8089899308264991    1.000000000000000    0.000000000000000
       k_ppt21                      1.379242956487283    1.000000000000000    0.000000000000000
       k_ppt22                      1.023877458146277    1.000000000000000    0.000000000000000
       k_ppt23                      1.287821511201842    1.000000000000000    0.000000000000000
       k_ppt24                      1.372435507135801    1.000000000000000    0.000000000000000
       k_ppt25                      0.9779127026808959    1.000000000000000    0.000000000000000
       k_ppt26                      0.6872244888323288    1.000000000000000    0.000000000000000
       k_ppt27                      0.8954785315362572    1.000000000000000    0.000000000000000
       k_ppt28                      0.6623587961265949    1.000000000000000    0.000000000000000
       k_ppt29                      0.8255040760445305    1.000000000000000    0.000000000000000
       k_ppt30                      0.9818155017758156    1.000000000000000    0.000000000000000
       k_ppt31                      0.8433531603465113    1.000000000000000    0.000000000000000
       k_ppt32                      1.004309297695783    1.000000000000000    0.000000000000000
       k_ppt33                      0.7460350060651532    1.000000000000000    0.000000000000000
       k_ppt34                      0.5846598089210495    1.000000000000000    0.000000000000000
       k_ppt35                      0.9989674056443949    1.000000000000000    0.000000000000000
       k_ppt36                      1.182138610892896    1.000000000000000    0.000000000000000
       k_ppt37                      0.9902882124729365    1.000000000000000    0.000000000000000
       k_ppt38                      1.693415056044218    1.000000000000000    0.000000000000000
       k_ppt39                      1.482339403124888    1.000000000000000    0.000000000000000
       k_ppt40                      1.721758670283830    1.000000000000000    0.000000000000000
       k_ppt41                      0.7346143551422950    1.000000000000000    0.000000000000000
       k_ppt42                      0.6079995492260254    1.000000000000000    0.000000000000000
       k_ppt43                      0.9100485420771904    1.000000000000000    0.000000000000000
       k_ppt44                      2.216793126197316    1.000000000000000    0.000000000000000
       k_ppt45                      3.096721433065911    1.000000000000000    0.000000000000000
       k_ppt46                      2.544710297442836    1.000000000000000    0.000000000000000
       k_ppt47                      1.545946839629494    1.000000000000000    0.000000000000000
       k_ppt48                      1.530796270589187    1.000000000000000    0.000000000000000
       k_ppt49                      0.7227783605095559    1.000000000000000    0.000000000000000
       k_ppt50                      0.8943759012097594    1.000000000000000    0.000000000000000
       k_ppt51                      1.095883736209560    1.000000000000000    0.000000000000000
       k_ppt52                      2.450967911789523    1.000000000000000    0.000000000000000
       k_ppt53                      3.566160681816600    1.000000000000000    0.000000000000000
       k_ppt54                      1.677105962573601    1.000000000000000    0.000000000000000
       k_ppt55                      1.303182710879397    1.000000000000000    0.000000000000000
       k_ppt56                      1.510829847771038    1.000000000000000    0.000000000000000
       k_ppt57                      0.7812347264245890    1.000000000000000    0.000000000000000
       k_ppt58                      0.6453450064640421    1.000000000000000    0.000000000000000
       k_ppt59                      1.531608157188206    1.000000000000000    0.000000000000000
       k_ppt60                      2.523137569201329    1.000000000000000    0.000000000000000
       k_ppt61                      3.680531344098315    1.000000000000000    0.000000000000000
       k_ppt62                      2.173743551485576    1.000000000000000    0.000000000000000
       k_ppt63                      2.015496781017185    1.000000000000000    0.000000000000000
       k_ppt64                      1.860822217226884    1.000000000000000    0.000000000000000
       k_ppt65                      0.9102425962523302    1.000000000000000    0.000000000000000
       k_ppt66                      0.8737663364148806    1.000000000000000    0.000000000000000
       k_ppt67                      1.384679071008259    1.000000000000000    0.000000000000000
       k_ppt68                      2.655306447748868    1.000000000000000    0.000000000000000
       k_ppt69                      3.399050716370221    1.000000000000000    0.000000000000000
       k_ppt70                      2.592128628855364    1.000000000000000    0.000000000000000
       k_ppt71                      1.695622877466330    1.000000000000000    0.000000000000000
       k_ppt72                      1.632364294042064    1.000000000000000    0.000000000000000
       k_ppt73                      1.191573219810576    1.000000000000000    0.000000000000000
       k_ppt74                      1.640324620857014    1.000000000000000    0.000000000000000
       k_ppt75                      1.295134118477584    1.000000000000000    0.000000000000000
       k_ppt76                      1.649458066703457    1.000000000000000    0.000000000000000
       k_ppt77                      1.591139810184707    1.000000000000000    0.000000000000000
       k_ppt78                      2.233155640142441    1.000000000000000    0.000000000000000
       k_ppt79                      1.085696151497659    1.000000000000000    0.000000000000000
       k_ppt80                      1.099573028323502    1.000000000000000    0.000000000000000
       k_ppt81                      1.570884265953614    1.000000000000000    0.000000000000000
       k_ppt82                      0.9125018496650430    1.000000000000000    0.000000000000000
       k_ppt83                      1.233730387847658    1.000000000000000    0.000000000000000
       k_ppt84                      0.7688173965268822    1.000000000000000    0.000000000000000
       k_ppt85                      0.6774215179739986    1.000000000000000    0.000000000000000
       k_ppt86                      1.111164446540837    1.000000000000000    0.000000000000000
       k_ppt87                      1.454988276721747    1.000000000000000    0.000000000000000
       k_ppt88                      1.033112044856764    1.000000000000000    0.000000000000000
       k_ppt89                      1.884518541591668    1.000000000000000    0.000000000000000
       k_ppt90                      0.8656700403013582    1.000000000000000    0.000000000000000
       k_ppt91                      0.8146269704612596    1.000000000000000    0.000000000000000
       k_ppt92                      0.4155631123768094    1.000000000000000    0.000000000000000
       k_ppt93                      0.4045654816515453    1.000000000000000    0.000000000000000
       k_ppt94                      0.8952176420901212    1.000000000000000    0.000000000000000
       k_ppt95                      0.5327282895794423    1.000000000000000    0.000000000000000
       k_ppt96                      1.532220778694286    1.000000000000000    0.000000000000000
       k_ppt97                      0.8853574845605932    1.000000000000000    0.000000000000000
       k_ppt98                      0.6481937227598269    1.000000000000000    0.000000000000000
       k_ppt99                      0.3783393847568337    1.000000000000000    0.000000000000000
      k_ppt100                      0.3987423732062248    1.000000000000000    0.000000000000000
      k_ppt101                      0.3133873067222341    1.000000000000000    0.000000000000000
      k_ppt102                      0.5555525110550430    1.000000000000000    0.000000000000000
      k_ppt103                      0.5509676634028279    1.000000000000000    0.000000000000000
      k_ppt104                      0.7700356465288105    1.000000000000000    0.000000000000000
