single point
        k_ppt1                      0.4832023148609313    1.000000000000000    0.000000000000000
        k_ppt2                      1.053685737550235    1.000000000000000    0.000000000000000
        k_ppt3                      2.038654671164153    1.000000000000000    0.000000000000000
        k_ppt4                      1.653847332604467    1.000000000000000    0.000000000000000
        k_ppt5                      2.171208278520594    1.000000000000000    0.000000000000000
        k_ppt6                      0.5623878535060433    1.000000000000000    0.000000000000000
        k_ppt7                      0.9086555444526480    1.000000000000000    0.000000000000000
        k_ppt8                      1.210333850869748    1.000000000000000    0.000000000000000
        k_ppt9                      0.3725646680166708    1.000000000000000    0.000000000000000
       k_ppt10                      0.7067090965149858    1.000000000000000    0.000000000000000
       k_ppt11                      1.931489100185428    1.000000000000000    0.000000000000000
       k_ppt12                      1.780629545123196    1.000000000000000    0.000000000000000
       k_ppt13                      1.199476953267813    1.000000000000000    0.000000000000000
       k_ppt14                      0.7827774774280041    1.000000000000000    0.000000000000000
       k_ppt15                      1.036098163703417    1.000000000000000    0.000000000000000
       k_ppt16                      1.475231337946674    1.000000000000000    0.000000000000000
       k_ppt17                      1.326928665938871    1.000000000000000    0.000000000000000
       k_ppt18                      0.7858158098193161    1.000000000000000    0.000000000000000
       k_ppt19                      1.508198422118008    1.000000000000000    0.000000000000000
       k_ppt20                      0.8939290959894433    1.000000000000000    0.000000000000000
       k_ppt21                      1.603902944415819    1.000000000000000    0.000000000000000
       k_ppt22                      0.9742694349675878    1.000000000000000    0.000000000000000
       k_ppt23                      1.282483062901887    1.000000000000000    0.000000000000000
       k_ppt24                      1.342648579818784    1.000000000000000    0.000000000000000
       k_ppt25                      0.9212259369272671    1.000000000000000    0.000000000000000
       k_ppt26                      0.6018229995630533    1.000000000000000    0.000000000000000
       k_ppt27                      0.8372900463912590    1.000000000000000    0.000000000000000
       k_ppt28                      0.6336736996524003    1.000000000000000    0.000000000000000
       k_ppt29                      0.8041572107544153    1.000000000000000    0.000000000000000
       k_ppt30                      1.010501501429220    1.000000000000000    0.000000000000000
       k_ppt31                      0.8110974541485050    1.000000000000000    0.000000000000000
       k_ppt32                      1.013084808807553    1.000000000000000    0.000000000000000
       k_ppt33                      0.6835136641371005    1.000000000000000    0.000000000000000
       k_ppt34                      0.5645713653043843    1.000000000000000    0.000000000000000
       k_ppt35                      1.031059464260213    1.000000000000000    0.000000000000000
       k_ppt36                      1.287512453067375    1.000000000000000    0.000000000000000
       k_ppt37                      0.9763630488079630    1.000000000000000    0.000000000000000
       k_ppt38                      1.841974401489501    1.000000000000000    0.000000000000000
       k_ppt39                      1.461650514767618    1.000000000000000    0.000000000000000
       k_ppt40                      1.706655229584004    1.000000000000000    0.000000000000000
       k_ppt41                      0.6449922906555317    1.000000000000000    0.000000000000000
       k_ppt42                      0.5758158556329045    1.000000000000000    0.000000000000000
       k_ppt43                      0.8776235272569705    1.000000000000000    0.000000000000000
       k_ppt44                      2.698723944846372    1.000000000000000    0.000000000000000
       k_ppt45                      3.603757574524255    1.000000000000000    0.000000000000000
       k_ppt46                      2.883973381250591    1.000000000000000    0.000000000000000
       k_ppt47                      1.409057108773206    1.000000000000000    0.000000000000000
       k_ppt48                      1.263602256213679    1.000000000000000    0.000000000000000
       k_ppt49                      0.6352489397147080    1.000000000000000    0.000000000000000
       k_ppt50                      0.8338285919869952    1.000000000000000    0.000000000000000
       k_ppt51                      1.040971203768577    1.000000000000000    0.000000000000000
       k_ppt52                      2.654921716514403    1.000000000000000    0.000000000000000
       k_ppt53                      4.216813986282014    1.000000000000000    0.000000000000000
       k_ppt54                      1.662079635227405    1.000000000000000    0.000000000000000
       k_ppt55                      1.272272494905818    1.000000000000000    0.000000000000000
       k_ppt56                      1.314537719552203    1.000000000000000    0.000000000000000
       k_ppt57                      0.6830067932122791    1.000000000000000    0.000000000000000
       k_ppt58                      0.5554839452074850    1.000000000000000    0.000000000000000
       k_ppt59                      1.537369909758156    1.000000000000000    0.000000000000000
       k_ppt60                      2.959913578071301    1.000000000000000    0.000000000000000
       k_ppt61                      4.737861673976622    1.000000000000000    0.000000000000000
       k_ppt62                      2.317246452044781    1.000000000000000    0.000000000000000
       k_ppt63                      1.952642910890044    1.000000000000000    0.000000000000000
       k_ppt64                      1.846566427290291    1.000000000000000    0.000000000000000
       k_ppt65                      0.8382031038077732    1.000000000000000    0.000000000000000
       k_ppt66                      0.7287544236543433    1.000000000000000    0.000000000000000
       k_ppt67                      1.418603929890482    1.000000000000000    0.000000000000000
       k_ppt68                      3.430055429658855    1.000000000000000    0.000000000000000
       k_ppt69                      4.249875110387513    1.000000000000000    0.000000000000000
       k_ppt70                      3.066816465699775    1.000000000000000    0.000000000000000
       k_ppt71                      1.543997413464486    1.000000000000000    0.000000000000000
       k_ppt72                      1.537631731216139    1.000000000000000    0.000000000000000
       k_ppt73                      1.052265602511138    1.000000000000000    0.000000000000000
       k_ppt74                      1.573509163075499    1.000000000000000    0.000000000000000
       k_ppt75                      1.362729073010094    1.000000000000000    0.000000000000000
       k_ppt76                      1.803574678691896    1.000000000000000    0.000000000000000
       k_ppt77                      1.634766131911196    1.000000000000000    0.000000000000000
       k_ppt78                      2.288053967672511    1.000000000000000    0.000000000000000
       k_ppt79                      1.016122395425221    1.000000000000000    0.000000000000000
       k_ppt80                      1.018448041483033    1.000000000000000    0.000000000000000
       k_ppt81                      1.665563306665518    1.000000000000000    0.000000000000000
       k_ppt82                      0.8098255388081584    1.000000000000000    0.000000000000000
       k_ppt83                      1.363370989349938    1.000000000000000    0.000000000000000
       k_ppt84                      0.7777448397644762    1.000000000000000    0.000000000000000
       k_ppt85                      0.6053636836522550    1.000000000000000    0.000000000000000
       k_ppt86                      1.087364611147025    1.000000000000000    0.000000000000000
       k_ppt87                      1.520948972102872    1.000000000000000    0.000000000000000
       k_ppt88                      1.100411044513772    1.000000000000000    0.000000000000000
       k_ppt89                      2.231628427824344    1.000000000000000    0.000000000000000
       k_ppt90                      0.8438271632916086    1.000000000000000    0.000000000000000
       k_ppt91                      0.8340561562544087    1.000000000000000    0.000000000000000
       k_ppt92                      0.3801620687421808    1.000000000000000    0.000000000000000
       k_ppt93                      0.3243215846612019    1.000000000000000    0.000000000000000
       k_ppt94                      0.8179334680339303    1.000000000000000    0.000000000000000
       k_ppt95                      0.5084651387696366    1.000000000000000    0.000000000000000
       k_ppt96                      1.666550210161508    1.000000000000000    0.000000000000000
       k_ppt97                      0.9216115541494110    1.000000000000000    0.000000000000000
       k_ppt98                      0.6497498351846671    1.000000000000000    0.000000000000000
       k_ppt99                      0.3510422432706104    1.000000000000000    0.000000000000000
      k_ppt100                      0.3803210319546992    1.000000000000000    0.000000000000000
      k_ppt101                      0.2909683703428498    1.000000000000000    0.000000000000000
      k_ppt102                      0.5352626538045472    1.000000000000000    0.000000000000000
      k_ppt103                      0.5374878758197159    1.000000000000000    0.000000000000000
      k_ppt104                      0.8300391387814271    1.000000000000000    0.000000000000000
