  single point
        k_ppt1    6.9563605000000000E-02     1.000000         0.000000    
        k_ppt2    6.6080235000000000E-02     1.000000         0.000000    
        k_ppt3    0.1439989000000000         1.000000         0.000000    
        k_ppt4    9.9303119000000000E-02     1.000000         0.000000    
        k_ppt5    0.3715851000000000         1.000000         0.000000    
        k_ppt6    0.5560788000000000         1.000000         0.000000    
        k_ppt7    0.6662147000000000         1.000000         0.000000    
        k_ppt8     2.629049000000000         1.000000         0.000000    
        k_ppt9    4.3823402000000000E-02     1.000000         0.000000    
       k_ppt10    0.1093889000000000         1.000000         0.000000    
       k_ppt11    0.1040238000000000         1.000000         0.000000    
       k_ppt12    0.3561196000000000         1.000000         0.000000    
       k_ppt13    0.6359672000000000         1.000000         0.000000    
       k_ppt14     1.697281000000000         1.000000         0.000000    
       k_ppt15     2.205573000000000         1.000000         0.000000    
       k_ppt16     4.167888000000000         1.000000         0.000000    
       k_ppt17    4.2950321000000000E-02     1.000000         0.000000    
       k_ppt18    0.3101382000000000         1.000000         0.000000    
       k_ppt19    0.3702450000000000         1.000000         0.000000    
       k_ppt20     1.006652000000000         1.000000         0.000000    
       k_ppt21     1.941963000000000         1.000000         0.000000    
       k_ppt22     3.265093000000000         1.000000         0.000000    
       k_ppt23     5.826721000000000         1.000000         0.000000    
       k_ppt24     3.548213000000000         1.000000         0.000000    
       k_ppt25    9.2366636000000000E-02     1.000000         0.000000    
       k_ppt26    0.3844225000000000         1.000000         0.000000    
       k_ppt27    0.1944860000000000         1.000000         0.000000    
       k_ppt28     1.113331000000000         1.000000         0.000000    
       k_ppt29     2.139699000000000         1.000000         0.000000    
       k_ppt30     2.573410000000000         1.000000         0.000000    
       k_ppt31     2.514252000000000         1.000000         0.000000    
       k_ppt32     1.733270000000000         1.000000         0.000000    
       k_ppt33    0.5256968000000000         1.000000         0.000000    
       k_ppt34    0.7025984000000000         1.000000         0.000000    
       k_ppt35    0.7674312000000000         1.000000         0.000000    
       k_ppt36    0.6652755000000000         1.000000         0.000000    
       k_ppt37     1.707333000000000         1.000000         0.000000    
       k_ppt38     1.845719000000000         1.000000         0.000000    
       k_ppt39     2.166668000000000         1.000000         0.000000    
       k_ppt40    0.7349830000000002         1.000000         0.000000    
       k_ppt41    0.9346009000000000         1.000000         0.000000    
       k_ppt42    0.5195875000000000         1.000000         0.000000    
       k_ppt43    0.2875733000000000         1.000000         0.000000    
       k_ppt44     2.029458000000000         1.000000         0.000000    
       k_ppt45    0.9034441000000000         1.000000         0.000000    
       k_ppt46     1.150130000000000         1.000000         0.000000    
       k_ppt47     1.298210000000000         1.000000         0.000000    
       k_ppt48    0.5037552000000000         1.000000         0.000000    
       k_ppt49    0.5187728000000000         1.000000         0.000000    
       k_ppt50    0.6423395000000000         1.000000         0.000000    
       k_ppt51    0.6304590000000000         1.000000         0.000000    
       k_ppt52     1.777870000000000         1.000000         0.000000    
       k_ppt53    0.8028058000000000         1.000000         0.000000    
       k_ppt54    0.6724514000000000         1.000000         0.000000    
       k_ppt55     1.880053000000000         1.000000         0.000000    
       k_ppt56     1.085648000000000         1.000000         0.000000    
       k_ppt57     1.003227000000000         1.000000         0.000000    
       k_ppt58    0.5627866000000000         1.000000         0.000000    
       k_ppt59    0.6218027000000000         1.000000         0.000000    
       k_ppt60     2.028670000000000         1.000000         0.000000    
       k_ppt61     2.187459000000000         1.000000         0.000000    
       k_ppt62    0.9218581000000000         1.000000         0.000000    
       k_ppt63     1.536741000000000         1.000000         0.000000    
       k_ppt64     1.674087000000000         1.000000         0.000000    
       k_ppt65    0.7857412000000000         1.000000         0.000000    
       k_ppt66     1.091533000000000         1.000000         0.000000    
       k_ppt67     1.275569000000000         1.000000         0.000000    
       k_ppt68     1.030002000000000         1.000000         0.000000    
       k_ppt69     1.022007000000000         1.000000         0.000000    
       k_ppt70     1.420900000000000         1.000000         0.000000    
       k_ppt71     2.377198000000000         1.000000         0.000000    
       k_ppt72    0.6930519000000002         1.000000         0.000000    
       k_ppt73    0.2514842000000000         1.000000         0.000000    
       k_ppt74    0.7051308000000000         1.000000         0.000000    
       k_ppt75    0.7218359000000000         1.000000         0.000000    
       k_ppt76    0.8553675000000000         1.000000         0.000000    
       k_ppt77     3.910265000000000         1.000000         0.000000    
       k_ppt78     2.734506000000000         1.000000         0.000000    
       k_ppt79     3.155216000000000         1.000000         0.000000    
       k_ppt80     1.433785000000000         1.000000         0.000000    
       k_ppt81    0.2058623000000000         1.000000         0.000000    
       k_ppt82    0.2450067000000000         1.000000         0.000000    
       k_ppt83    0.3389111000000000         1.000000         0.000000    
       k_ppt84     1.678892000000000         1.000000         0.000000    
       k_ppt85     1.624895000000000         1.000000         0.000000    
       k_ppt86     5.015815000000000         1.000000         0.000000    
       k_ppt87     2.440564000000000         1.000000         0.000000    
       k_ppt88     1.686448000000000         1.000000         0.000000    
       k_ppt89    0.4785489000000000         1.000000         0.000000    
       k_ppt90    0.5984601000000002         1.000000         0.000000    
       k_ppt91    0.9633559000000000         1.000000         0.000000    
       k_ppt92     1.107297000000000         1.000000         0.000000    
       k_ppt93    0.8850588000000000         1.000000         0.000000    
       k_ppt94     1.231822000000000         1.000000         0.000000    
       k_ppt95    0.9496988000000000         1.000000         0.000000    
       k_ppt96     1.140340000000000         1.000000         0.000000    
       k_ppt97    0.5887206000000000         1.000000         0.000000    
       k_ppt98    0.3296724000000000         1.000000         0.000000    
       k_ppt99     1.287870000000000         1.000000         0.000000    
      k_ppt100    0.9615827000000000         1.000000         0.000000    
      k_ppt101     1.671639000000000         1.000000         0.000000    
      k_ppt102     1.730058000000000         1.000000         0.000000    
      k_ppt103     1.566393000000000         1.000000         0.000000    
      k_ppt104     1.397070000000000         1.000000         0.000000    
