  single point
        k_ppt1    0.9869928700000000         1.000000         0.000000    
        k_ppt2    0.9950327700000000         1.000000         0.000000    
        k_ppt3     1.004831000000000         1.000000         0.000000    
        k_ppt4     1.010952400000000         1.000000         0.000000    
        k_ppt5     1.004069000000000         1.000000         0.000000    
        k_ppt6    0.9862157200000000         1.000000         0.000000    
        k_ppt7    0.9718103400000000         1.000000         0.000000    
        k_ppt8    0.9726262000000000         1.000000         0.000000    
        k_ppt9    0.9708464500000000         1.000000         0.000000    
       k_ppt10    0.9790761400000000         1.000000         0.000000    
       k_ppt11    0.9947697500000000         1.000000         0.000000    
       k_ppt12     1.013631600000000         1.000000         0.000000    
       k_ppt13     1.013373100000000         1.000000         0.000000    
       k_ppt14    0.9944627600000000         1.000000         0.000000    
       k_ppt15    0.9803676400000000         1.000000         0.000000    
       k_ppt16    0.9867139000000000         1.000000         0.000000    
       k_ppt17    0.9451182100000000         1.000000         0.000000    
       k_ppt18    0.9483673500000001         1.000000         0.000000    
       k_ppt19    0.9631622399999999         1.000000         0.000000    
       k_ppt20    0.9920095500000000         1.000000         0.000000    
       k_ppt21     1.010680400000000         1.000000         0.000000    
       k_ppt22     1.019812500000000         1.000000         0.000000    
       k_ppt23     1.032410800000000         1.000000         0.000000    
       k_ppt24     1.051462600000000         1.000000         0.000000    
       k_ppt25    0.9243839200000000         1.000000         0.000000    
       k_ppt26    0.9260456800000000         1.000000         0.000000    
       k_ppt27    0.9395949800000000         1.000000         0.000000    
       k_ppt28    0.9586740500000001         1.000000         0.000000    
       k_ppt29     1.007830600000000         1.000000         0.000000    
       k_ppt30     1.090804800000000         1.000000         0.000000    
       k_ppt31     1.164082000000000         1.000000         0.000000    
       k_ppt32     1.193252300000000         1.000000         0.000000    
       k_ppt33    0.9371365699999999         1.000000         0.000000    
       k_ppt34    0.9580075900000000         1.000000         0.000000    
       k_ppt35    0.9981324200000000         1.000000         0.000000    
       k_ppt36     1.048436300000000         1.000000         0.000000    
       k_ppt37     1.138306700000000         1.000000         0.000000    
       k_ppt38     1.260736000000000         1.000000         0.000000    
       k_ppt39     1.345898500000000         1.000000         0.000000    
       k_ppt40     1.354191600000000         1.000000         0.000000    
       k_ppt41    0.9824080600000000         1.000000         0.000000    
       k_ppt42     1.052376400000000         1.000000         0.000000    
       k_ppt43     1.174469900000000         1.000000         0.000000    
       k_ppt44     1.314436800000000         1.000000         0.000000    
       k_ppt45     1.460346100000000         1.000000         0.000000    
       k_ppt46     1.576046300000000         1.000000         0.000000    
       k_ppt47     1.597196500000000         1.000000         0.000000    
       k_ppt48     1.531915300000000         1.000000         0.000000    
       k_ppt49     1.037075700000000         1.000000         0.000000    
       k_ppt50     1.166870700000000         1.000000         0.000000    
       k_ppt51     1.420634400000000         1.000000         0.000000    
       k_ppt52     1.753995200000000         1.000000         0.000000    
       k_ppt53     1.973140300000000         1.000000         0.000000    
       k_ppt54     1.975363100000000         1.000000         0.000000    
       k_ppt55     1.865573500000000         1.000000         0.000000    
       k_ppt56     1.692694300000000         1.000000         0.000000    
       k_ppt57     1.089033000000000         1.000000         0.000000    
       k_ppt58     1.237416800000000         1.000000         0.000000    
       k_ppt59     1.558942000000000         1.000000         0.000000    
       k_ppt60     1.994838300000000         1.000000         0.000000    
       k_ppt61     2.242493600000000         1.000000         0.000000    
       k_ppt62     2.147621000000000         1.000000         0.000000    
       k_ppt63     1.933285600000000         1.000000         0.000000    
       k_ppt64     1.709279000000000         1.000000         0.000000    
       k_ppt65     1.180484400000000         1.000000         0.000000    
       k_ppt66     1.272879400000000         1.000000         0.000000    
       k_ppt67     1.478841500000000         1.000000         0.000000    
       k_ppt68     1.777384700000000         1.000000         0.000000    
       k_ppt69     1.958372100000000         1.000000         0.000000    
       k_ppt70     1.874334800000000         1.000000         0.000000    
       k_ppt71     1.724561800000000         1.000000         0.000000    
       k_ppt72     1.566374800000000         1.000000         0.000000    
       k_ppt73     1.344215800000000         1.000000         0.000000    
       k_ppt74     1.338820200000000         1.000000         0.000000    
       k_ppt75     1.267150700000000         1.000000         0.000000    
       k_ppt76     1.239723300000000         1.000000         0.000000    
       k_ppt77     1.295006500000000         1.000000         0.000000    
       k_ppt78     1.360618800000000         1.000000         0.000000    
       k_ppt79     1.377553000000000         1.000000         0.000000    
       k_ppt80     1.337839200000000         1.000000         0.000000    
       k_ppt81     1.299670900000000         1.000000         0.000000    
       k_ppt82     1.214215700000000         1.000000         0.000000    
       k_ppt83     1.028021500000000         1.000000         0.000000    
       k_ppt84    0.9095060900000000         1.000000         0.000000    
       k_ppt85    0.8922432000000000         1.000000         0.000000    
       k_ppt86    0.9430407200000001         1.000000         0.000000    
       k_ppt87     1.016195600000000         1.000000         0.000000    
       k_ppt88     1.058541100000000         1.000000         0.000000    
       k_ppt89     1.060078900000000         1.000000         0.000000    
       k_ppt90    0.9450109000000000         1.000000         0.000000    
       k_ppt91    0.7812161700000000         1.000000         0.000000    
       k_ppt92    0.6801572000000000         1.000000         0.000000    
       k_ppt93    0.6475589000000000         1.000000         0.000000    
       k_ppt94    0.6683569400000000         1.000000         0.000000    
       k_ppt95    0.7341734900000000         1.000000         0.000000    
       k_ppt96    0.8055465300000000         1.000000         0.000000    
       k_ppt97    0.8038424700000000         1.000000         0.000000    
       k_ppt98    0.7005432000000000         1.000000         0.000000    
       k_ppt99    0.6029114300000000         1.000000         0.000000    
      k_ppt100    0.5225675300000000         1.000000         0.000000    
      k_ppt101    0.4969643300000000         1.000000         0.000000    
      k_ppt102    0.5218937200000000         1.000000         0.000000    
      k_ppt103    0.5686817700000000         1.000000         0.000000    
      k_ppt104    0.6400586000000000         1.000000         0.000000    
