single point
        k_ppt1                      0.6983018128590356    1.000000000000000    0.000000000000000
        k_ppt2                      0.9099197192636465    1.000000000000000    0.000000000000000
        k_ppt3                      1.298744642294196    1.000000000000000    0.000000000000000
        k_ppt4                      1.285603590159598    1.000000000000000    0.000000000000000
        k_ppt5                      1.475356104135930    1.000000000000000    0.000000000000000
        k_ppt6                      1.113654452472523    1.000000000000000    0.000000000000000
        k_ppt7                      1.045702844411296    1.000000000000000    0.000000000000000
        k_ppt8                      1.150256139715476    1.000000000000000    0.000000000000000
        k_ppt9                      0.7419469695132952    1.000000000000000    0.000000000000000
       k_ppt10                      0.7308574784332924    1.000000000000000    0.000000000000000
       k_ppt11                      0.8636226675732145    1.000000000000000    0.000000000000000
       k_ppt12                      1.025575375418930    1.000000000000000    0.000000000000000
       k_ppt13                      1.223969043101532    1.000000000000000    0.000000000000000
       k_ppt14                      1.154804906542255    1.000000000000000    0.000000000000000
       k_ppt15                      1.399190970797060    1.000000000000000    0.000000000000000
       k_ppt16                      1.201853185611379    1.000000000000000    0.000000000000000
       k_ppt17                      0.9120229601468014    1.000000000000000    0.000000000000000
       k_ppt18                      0.6220606679081223    1.000000000000000    0.000000000000000
       k_ppt19                      0.7463645953352016    1.000000000000000    0.000000000000000
       k_ppt20                      0.8440746715683975    1.000000000000000    0.000000000000000
       k_ppt21                      1.071163049699291    1.000000000000000    0.000000000000000
       k_ppt22                      1.129240959718830    1.000000000000000    0.000000000000000
       k_ppt23                      1.308597249377113    1.000000000000000    0.000000000000000
       k_ppt24                      1.261977190352147    1.000000000000000    0.000000000000000
       k_ppt25                      0.7553796148875824    1.000000000000000    0.000000000000000
       k_ppt26                      0.6759938493660003    1.000000000000000    0.000000000000000
       k_ppt27                      0.7575268937996439    1.000000000000000    0.000000000000000
       k_ppt28                      0.7841645927980745    1.000000000000000    0.000000000000000
       k_ppt29                      1.066075314650190    1.000000000000000    0.000000000000000
       k_ppt30                      1.162236971494878    1.000000000000000    0.000000000000000
       k_ppt31                      1.275743054811618    1.000000000000000    0.000000000000000
       k_ppt32                      1.020450467905819    1.000000000000000    0.000000000000000
       k_ppt33                      0.6756575659019720    1.000000000000000    0.000000000000000
       k_ppt34                      0.6723340935558679    1.000000000000000    0.000000000000000
       k_ppt35                      0.7920156208158756    1.000000000000000    0.000000000000000
       k_ppt36                      0.7990694204760476    1.000000000000000    0.000000000000000
       k_ppt37                      1.134214192077835    1.000000000000000    0.000000000000000
       k_ppt38                      1.304825116264717    1.000000000000000    0.000000000000000
       k_ppt39                      1.416053330540435    1.000000000000000    0.000000000000000
       k_ppt40                      1.208435425041857    1.000000000000000    0.000000000000000
       k_ppt41                      0.9061561267032882    1.000000000000000    0.000000000000000
       k_ppt42                      0.7200952346533975    1.000000000000000    0.000000000000000
       k_ppt43                      0.8561148581799937    1.000000000000000    0.000000000000000
       k_ppt44                      1.064779156353809    1.000000000000000    0.000000000000000
       k_ppt45                      1.245662805953847    1.000000000000000    0.000000000000000
       k_ppt46                      1.346847511555695    1.000000000000000    0.000000000000000
       k_ppt47                      1.416059903129149    1.000000000000000    0.000000000000000
       k_ppt48                      1.277675294114398    1.000000000000000    0.000000000000000
       k_ppt49                      0.9327843171614565    1.000000000000000    0.000000000000000
       k_ppt50                      1.012582395945441    1.000000000000000    0.000000000000000
       k_ppt51                      1.093229619147553    1.000000000000000    0.000000000000000
       k_ppt52                      1.391118763108555    1.000000000000000    0.000000000000000
       k_ppt53                      1.564453267638799    1.000000000000000    0.000000000000000
       k_ppt54                      1.364942256118956    1.000000000000000    0.000000000000000
       k_ppt55                      1.336263385697881    1.000000000000000    0.000000000000000
       k_ppt56                      1.272049738855455    1.000000000000000    0.000000000000000
       k_ppt57                      1.007224269877865    1.000000000000000    0.000000000000000
       k_ppt58                      0.9552707786643482    1.000000000000000    0.000000000000000
       k_ppt59                      1.189647457749623    1.000000000000000    0.000000000000000
       k_ppt60                      1.394771493031045    1.000000000000000    0.000000000000000
       k_ppt61                      1.700589238801611    1.000000000000000    0.000000000000000
       k_ppt62                      1.271043715101258    1.000000000000000    0.000000000000000
       k_ppt63                      1.328144817247690    1.000000000000000    0.000000000000000
       k_ppt64                      1.146482095293278    1.000000000000000    0.000000000000000
       k_ppt65                      0.8876311753455205    1.000000000000000    0.000000000000000
       k_ppt66                      0.9432744851024641    1.000000000000000    0.000000000000000
       k_ppt67                      1.073799306283659    1.000000000000000    0.000000000000000
       k_ppt68                      1.598663421286522    1.000000000000000    0.000000000000000
       k_ppt69                      1.735773134172127    1.000000000000000    0.000000000000000
       k_ppt70                      1.568350739379592    1.000000000000000    0.000000000000000
       k_ppt71                      1.574587601609066    1.000000000000000    0.000000000000000
       k_ppt72                      1.306752982560845    1.000000000000000    0.000000000000000
       k_ppt73                      0.9775490770747735    1.000000000000000    0.000000000000000
       k_ppt74                      1.140629843282247    1.000000000000000    0.000000000000000
       k_ppt75                      1.124002177830813    1.000000000000000    0.000000000000000
       k_ppt76                      1.364307766974018    1.000000000000000    0.000000000000000
       k_ppt77                      1.519332579719960    1.000000000000000    0.000000000000000
       k_ppt78                      1.549985008536006    1.000000000000000    0.000000000000000
       k_ppt79                      1.417307299714654    1.000000000000000    0.000000000000000
       k_ppt80                      1.144362635460593    1.000000000000000    0.000000000000000
       k_ppt81                      0.9542467893330950    1.000000000000000    0.000000000000000
       k_ppt82                      0.8930454070437233    1.000000000000000    0.000000000000000
       k_ppt83                      0.9300354548160580    1.000000000000000    0.000000000000000
       k_ppt84                      0.8538944814236217    1.000000000000000    0.000000000000000
       k_ppt85                      0.9315195590477209    1.000000000000000    0.000000000000000
       k_ppt86                      1.088687800244530    1.000000000000000    0.000000000000000
       k_ppt87                      1.107654567314186    1.000000000000000    0.000000000000000
       k_ppt88                      0.9325633030609668    1.000000000000000    0.000000000000000
       k_ppt89                      0.9512648659531299    1.000000000000000    0.000000000000000
       k_ppt90                      0.7279228538466924    1.000000000000000    0.000000000000000
       k_ppt91                      0.6281621167205104    1.000000000000000    0.000000000000000
       k_ppt92                      0.6361246259873806    1.000000000000000    0.000000000000000
       k_ppt93                      0.6177126055336480    1.000000000000000    0.000000000000000
       k_ppt94                      0.8034763442778550    1.000000000000000    0.000000000000000
       k_ppt95                      0.7366346257862657    1.000000000000000    0.000000000000000
       k_ppt96                      1.137411368758359    1.000000000000000    0.000000000000000
       k_ppt97                      0.6844765290465022    1.000000000000000    0.000000000000000
       k_ppt98                      0.6288051027098205    1.000000000000000    0.000000000000000
       k_ppt99                      0.5759771505994390    1.000000000000000    0.000000000000000
      k_ppt100                      0.7243320715457071    1.000000000000000    0.000000000000000
      k_ppt101                      0.5093414422334407    1.000000000000000    0.000000000000000
      k_ppt102                      0.6078917946101655    1.000000000000000    0.000000000000000
      k_ppt103                      0.6594857538959746    1.000000000000000    0.000000000000000
      k_ppt104                      0.6458403150714569    1.000000000000000    0.000000000000000
