single point
        k_ppt1                      0.7298618462353434    1.000000000000000    0.000000000000000
        k_ppt2                      0.9183263081436744    1.000000000000000    0.000000000000000
        k_ppt3                      1.814685493154955    1.000000000000000    0.000000000000000
        k_ppt4                      1.679692657654576    1.000000000000000    0.000000000000000
        k_ppt5                      2.055823047893333    1.000000000000000    0.000000000000000
        k_ppt6                      0.8914551676047983    1.000000000000000    0.000000000000000
        k_ppt7                      1.067192174253669    1.000000000000000    0.000000000000000
        k_ppt8                      1.277950793212505    1.000000000000000    0.000000000000000
        k_ppt9                      0.6472549536972728    1.000000000000000    0.000000000000000
       k_ppt10                      0.6962388025833323    1.000000000000000    0.000000000000000
       k_ppt11                      1.354583361291110    1.000000000000000    0.000000000000000
       k_ppt12                      1.421243500505105    1.000000000000000    0.000000000000000
       k_ppt13                      1.322329223381006    1.000000000000000    0.000000000000000
       k_ppt14                      1.061688936359559    1.000000000000000    0.000000000000000
       k_ppt15                      1.489878235426888    1.000000000000000    0.000000000000000
       k_ppt16                      1.585526224519978    1.000000000000000    0.000000000000000
       k_ppt17                      1.267548659236484    1.000000000000000    0.000000000000000
       k_ppt18                      0.7369878396009899    1.000000000000000    0.000000000000000
       k_ppt19                      1.156679236992581    1.000000000000000    0.000000000000000
       k_ppt20                      0.8447352766419560    1.000000000000000    0.000000000000000
       k_ppt21                      1.526235800467648    1.000000000000000    0.000000000000000
       k_ppt22                      1.404769125175941    1.000000000000000    0.000000000000000
       k_ppt23                      1.480976526088043    1.000000000000000    0.000000000000000
       k_ppt24                      1.517688114584701    1.000000000000000    0.000000000000000
       k_ppt25                      0.9368553640143599    1.000000000000000    0.000000000000000
       k_ppt26                      0.6675672157109155    1.000000000000000    0.000000000000000
       k_ppt27                      0.9535806012578676    1.000000000000000    0.000000000000000
       k_ppt28                      0.7676721553761326    1.000000000000000    0.000000000000000
       k_ppt29                      1.089784127325361    1.000000000000000    0.000000000000000
       k_ppt30                      1.189991341360136    1.000000000000000    0.000000000000000
       k_ppt31                      1.064945005408366    1.000000000000000    0.000000000000000
       k_ppt32                      1.096350731664437    1.000000000000000    0.000000000000000
       k_ppt33                      0.7639502519669906    1.000000000000000    0.000000000000000
       k_ppt34                      0.6276906328153902    1.000000000000000    0.000000000000000
       k_ppt35                      0.9336333704428401    1.000000000000000    0.000000000000000
       k_ppt36                      1.097215691156555    1.000000000000000    0.000000000000000
       k_ppt37                      1.099908384640153    1.000000000000000    0.000000000000000
       k_ppt38                      1.692699869240332    1.000000000000000    0.000000000000000
       k_ppt39                      1.700726284793530    1.000000000000000    0.000000000000000
       k_ppt40                      1.704440989551997    1.000000000000000    0.000000000000000
       k_ppt41                      0.8506029833927797    1.000000000000000    0.000000000000000
       k_ppt42                      0.6348299722989792    1.000000000000000    0.000000000000000
       k_ppt43                      0.9494075646060877    1.000000000000000    0.000000000000000
       k_ppt44                      1.786022456091189    1.000000000000000    0.000000000000000
       k_ppt45                      2.502296747713455    1.000000000000000    0.000000000000000
       k_ppt46                      2.228006249109507    1.000000000000000    0.000000000000000
       k_ppt47                      1.800772441880318    1.000000000000000    0.000000000000000
       k_ppt48                      1.838886783028459    1.000000000000000    0.000000000000000
       k_ppt49                      0.7500597491604730    1.000000000000000    0.000000000000000
       k_ppt50                      0.9839495818165529    1.000000000000000    0.000000000000000
       k_ppt51                      1.153236128813832    1.000000000000000    0.000000000000000
       k_ppt52                      2.075356308481243    1.000000000000000    0.000000000000000
       k_ppt53                      2.764934040981760    1.000000000000000    0.000000000000000
       k_ppt54                      1.861557566720348    1.000000000000000    0.000000000000000
       k_ppt55                      1.427065782481555    1.000000000000000    0.000000000000000
       k_ppt56                      1.785243199711871    1.000000000000000    0.000000000000000
       k_ppt57                      0.9206912129794119    1.000000000000000    0.000000000000000
       k_ppt58                      0.6897123011350568    1.000000000000000    0.000000000000000
       k_ppt59                      1.356742140951082    1.000000000000000    0.000000000000000
       k_ppt60                      1.977897277616913    1.000000000000000    0.000000000000000
       k_ppt61                      2.905376112613388    1.000000000000000    0.000000000000000
       k_ppt62                      2.154035102459518    1.000000000000000    0.000000000000000
       k_ppt63                      2.293719850214027    1.000000000000000    0.000000000000000
       k_ppt64                      1.839565259780981    1.000000000000000    0.000000000000000
       k_ppt65                      1.010544745084632    1.000000000000000    0.000000000000000
       k_ppt66                      0.9807881992367596    1.000000000000000    0.000000000000000
       k_ppt67                      1.313242691771225    1.000000000000000    0.000000000000000
       k_ppt68                      2.180369367624079    1.000000000000000    0.000000000000000
       k_ppt69                      2.882960050163052    1.000000000000000    0.000000000000000
       k_ppt70                      2.310766184008429    1.000000000000000    0.000000000000000
       k_ppt71                      2.044946504621394    1.000000000000000    0.000000000000000
       k_ppt72                      1.775246503368364    1.000000000000000    0.000000000000000
       k_ppt73                      1.250301365497286    1.000000000000000    0.000000000000000
       k_ppt74                      1.452113275350448    1.000000000000000    0.000000000000000
       k_ppt75                      1.199591705158096    1.000000000000000    0.000000000000000
       k_ppt76                      1.632966491592127    1.000000000000000    0.000000000000000
       k_ppt77                      1.773227947826789    1.000000000000000    0.000000000000000
       k_ppt78                      2.384345324361826    1.000000000000000    0.000000000000000
       k_ppt79                      1.312329649296932    1.000000000000000    0.000000000000000
       k_ppt80                      1.201312700192180    1.000000000000000    0.000000000000000
       k_ppt81                      1.401445512637142    1.000000000000000    0.000000000000000
       k_ppt82                      0.9382014187511816    1.000000000000000    0.000000000000000
       k_ppt83                      1.094127724521578    1.000000000000000    0.000000000000000
       k_ppt84                      0.7651780372379701    1.000000000000000    0.000000000000000
       k_ppt85                      0.8242830049245281    1.000000000000000    0.000000000000000
       k_ppt86                      1.237092865753454    1.000000000000000    0.000000000000000
       k_ppt87                      1.404553449852718    1.000000000000000    0.000000000000000
       k_ppt88                      1.145431536290043    1.000000000000000    0.000000000000000
       k_ppt89                      1.478783171484598    1.000000000000000    0.000000000000000
       k_ppt90                      0.8220261479173474    1.000000000000000    0.000000000000000
       k_ppt91                      0.6808655083787115    1.000000000000000    0.000000000000000
       k_ppt92                      0.4306541912641597    1.000000000000000    0.000000000000000
       k_ppt93                      0.5276511067305311    1.000000000000000    0.000000000000000
       k_ppt94                      0.9066912578168715    1.000000000000000    0.000000000000000
       k_ppt95                      0.6032210961180303    1.000000000000000    0.000000000000000
       k_ppt96                      1.573435502904629    1.000000000000000    0.000000000000000
       k_ppt97                      0.7907456072087067    1.000000000000000    0.000000000000000
       k_ppt98                      0.6425813046341180    1.000000000000000    0.000000000000000
       k_ppt99                      0.3760286116010908    1.000000000000000    0.000000000000000
      k_ppt100                      0.4483829041499879    1.000000000000000    0.000000000000000
      k_ppt101                      0.3616530333415295    1.000000000000000    0.000000000000000
      k_ppt102                      0.5877934555076877    1.000000000000000    0.000000000000000
      k_ppt103                      0.5925020207926837    1.000000000000000    0.000000000000000
      k_ppt104                      0.7454056036238063    1.000000000000000    0.000000000000000
