  single point
        k_ppt1     1.184900000000000         1.000000         0.000000    
        k_ppt2     1.307620000000000         1.000000         0.000000    
        k_ppt3     1.688010000000000         1.000000         0.000000    
        k_ppt4    0.9612760000000000         1.000000         0.000000    
        k_ppt5     1.530110000000000         1.000000         0.000000    
        k_ppt6    0.3305310000000000         1.000000         0.000000    
        k_ppt7    0.2158060000000000         1.000000         0.000000    
        k_ppt8    0.6279410000000000         1.000000         0.000000    
        k_ppt9    0.9377430000000000         1.000000         0.000000    
       k_ppt10     1.164720000000000         1.000000         0.000000    
       k_ppt11     1.239950000000000         1.000000         0.000000    
       k_ppt12     1.313030000000000         1.000000         0.000000    
       k_ppt13     1.873940000000000         1.000000         0.000000    
       k_ppt14    0.8525730000000000         1.000000         0.000000    
       k_ppt15    0.3937360000000000         1.000000         0.000000    
       k_ppt16    0.4280380000000000         1.000000         0.000000    
       k_ppt17     1.326260000000000         1.000000         0.000000    
       k_ppt18    0.9480480000000000         1.000000         0.000000    
       k_ppt19     1.471780000000000         1.000000         0.000000    
       k_ppt20    0.8854050000000000         1.000000         0.000000    
       k_ppt21     1.991800000000000         1.000000         0.000000    
       k_ppt22     1.398230000000000         1.000000         0.000000    
       k_ppt23    0.7716720000000000         1.000000         0.000000    
       k_ppt24    0.3751330000000000         1.000000         0.000000    
       k_ppt25    0.4404270000000000         1.000000         0.000000    
       k_ppt26    0.5474860000000000         1.000000         0.000000    
       k_ppt27     1.706440000000000         1.000000         0.000000    
       k_ppt28    0.8421180000000000         1.000000         0.000000    
       k_ppt29     1.209350000000000         1.000000         0.000000    
       k_ppt30    0.8071660000000002         1.000000         0.000000    
       k_ppt31    0.7739620000000000         1.000000         0.000000    
       k_ppt32    0.3041110000000000         1.000000         0.000000    
       k_ppt33    0.3402070000000000         1.000000         0.000000    
       k_ppt34    0.8109280000000000         1.000000         0.000000    
       k_ppt35     2.302640000000000         1.000000         0.000000    
       k_ppt36     1.259150000000000         1.000000         0.000000    
       k_ppt37     1.183900000000000         1.000000         0.000000    
       k_ppt38     2.527040000000000         1.000000         0.000000    
       k_ppt39     1.128590000000000         1.000000         0.000000    
       k_ppt40    0.7751610000000000         1.000000         0.000000    
       k_ppt41    0.9066400000000000         1.000000         0.000000    
       k_ppt42     2.716370000000000         1.000000         0.000000    
       k_ppt43     2.457250000000000         1.000000         0.000000    
       k_ppt44     2.999370000000000         1.000000         0.000000    
       k_ppt45     1.444500000000000         1.000000         0.000000    
       k_ppt46     2.473830000000000         1.000000         0.000000    
       k_ppt47     1.306540000000000         1.000000         0.000000    
       k_ppt48    0.6913530000000000         1.000000         0.000000    
       k_ppt49    0.6548250000000000         1.000000         0.000000    
       k_ppt50     2.039550000000000         1.000000         0.000000    
       k_ppt51     4.240360000000000         1.000000         0.000000    
       k_ppt52     3.680750000000000         1.000000         0.000000    
       k_ppt53     1.757750000000000         1.000000         0.000000    
       k_ppt54     1.411720000000000         1.000000         0.000000    
       k_ppt55     1.155650000000000         1.000000         0.000000    
       k_ppt56    0.9614490000000000         1.000000         0.000000    
       k_ppt57    0.5448600000000000         1.000000         0.000000    
       k_ppt58     1.276700000000000         1.000000         0.000000    
       k_ppt59     3.834450000000000         1.000000         0.000000    
       k_ppt60     2.786150000000000         1.000000         0.000000    
       k_ppt61     4.498710000000000         1.000000         0.000000    
       k_ppt62     2.387640000000000         1.000000         0.000000    
       k_ppt63    0.6509090000000000         1.000000         0.000000    
       k_ppt64     2.028790000000000         1.000000         0.000000    
       k_ppt65    0.5440920000000000         1.000000         0.000000    
       k_ppt66    0.7230280000000000         1.000000         0.000000    
       k_ppt67     1.965700000000000         1.000000         0.000000    
       k_ppt68     3.849270000000000         1.000000         0.000000    
       k_ppt69     2.976770000000000         1.000000         0.000000    
       k_ppt70     1.870400000000000         1.000000         0.000000    
       k_ppt71    0.9314410000000000         1.000000         0.000000    
       k_ppt72     1.686770000000000         1.000000         0.000000    
       k_ppt73    0.9217850000000000         1.000000         0.000000    
       k_ppt74    0.8891630000000000         1.000000         0.000000    
       k_ppt75     1.796890000000000         1.000000         0.000000    
       k_ppt76     2.415870000000000         1.000000         0.000000    
       k_ppt77     1.247240000000000         1.000000         0.000000    
       k_ppt78     2.260920000000000         1.000000         0.000000    
       k_ppt79     1.432020000000000         1.000000         0.000000    
       k_ppt80     1.158410000000000         1.000000         0.000000    
       k_ppt81     2.001200000000000         1.000000         0.000000    
       k_ppt82    0.9437010000000000         1.000000         0.000000    
       k_ppt83     1.270410000000000         1.000000         0.000000    
       k_ppt84     1.061370000000000         1.000000         0.000000    
       k_ppt85     1.234020000000000         1.000000         0.000000    
       k_ppt86     1.383390000000000         1.000000         0.000000    
       k_ppt87    0.5809490000000000         1.000000         0.000000    
       k_ppt88    0.5663640000000000         1.000000         0.000000    
       k_ppt89     2.507210000000000         1.000000         0.000000    
       k_ppt90     1.230290000000000         1.000000         0.000000    
       k_ppt91     1.353200000000000         1.000000         0.000000    
       k_ppt92    0.7534020000000000         1.000000         0.000000    
       k_ppt93    0.6107020000000000         1.000000         0.000000    
       k_ppt94    0.2912320000000000         1.000000         0.000000    
       k_ppt95    0.3204930000000000         1.000000         0.000000    
       k_ppt96    0.6972840000000000         1.000000         0.000000    
       k_ppt97    0.5643280000000002         1.000000         0.000000    
       k_ppt98    0.7906250000000000         1.000000         0.000000    
       k_ppt99     1.111480000000000         1.000000         0.000000    
      k_ppt100    0.8436760000000000         1.000000         0.000000    
      k_ppt101    0.7317060000000000         1.000000         0.000000    
      k_ppt102    0.2170940000000000         1.000000         0.000000    
      k_ppt103    0.3223140000000000         1.000000         0.000000    
      k_ppt104    0.5698460000000000         1.000000         0.000000    
