single point
k_ppt1                    1.18490000             1.0   0.0
k_ppt2                    1.30762000             1.0   0.0
k_ppt3                    1.68801000             1.0   0.0
k_ppt4                   0.961276000             1.0   0.0
k_ppt5                    1.53011000             1.0   0.0
k_ppt6                   0.330531000             1.0   0.0
k_ppt7                   0.215806000             1.0   0.0
k_ppt8                   0.627941000             1.0   0.0
k_ppt9                   0.937743000             1.0   0.0
k_ppt10                   1.16472000             1.0   0.0
k_ppt11                   1.23995000             1.0   0.0
k_ppt12                   1.31303000             1.0   0.0
k_ppt13                   1.87394000             1.0   0.0
k_ppt14                  0.852573000             1.0   0.0
k_ppt15                  0.393736000             1.0   0.0
k_ppt16                  0.428038000             1.0   0.0
k_ppt17                   1.32626000             1.0   0.0
k_ppt18                  0.948048000             1.0   0.0
k_ppt19                   1.47178000             1.0   0.0
k_ppt20                  0.885405000             1.0   0.0
k_ppt21                   1.99180000             1.0   0.0
k_ppt22                   1.39823000             1.0   0.0
k_ppt23                  0.771672000             1.0   0.0
k_ppt24                  0.375133000             1.0   0.0
k_ppt25                  0.440427000             1.0   0.0
k_ppt26                  0.547486000             1.0   0.0
k_ppt27                   1.70644000             1.0   0.0
k_ppt28                  0.842118000             1.0   0.0
k_ppt29                   1.20935000             1.0   0.0
k_ppt30                  0.807166000             1.0   0.0
k_ppt31                  0.773962000             1.0   0.0
k_ppt32                  0.304111000             1.0   0.0
k_ppt33                  0.340207000             1.0   0.0
k_ppt34                  0.810928000             1.0   0.0
k_ppt35                   2.30264000             1.0   0.0
k_ppt36                   1.25915000             1.0   0.0
k_ppt37                   1.18390000             1.0   0.0
k_ppt38                   2.52704000             1.0   0.0
k_ppt39                   1.12859000             1.0   0.0
k_ppt40                  0.775161000             1.0   0.0
k_ppt41                  0.906640000             1.0   0.0
k_ppt42                   2.71637000             1.0   0.0
k_ppt43                   2.45725000             1.0   0.0
k_ppt44                   2.99937000             1.0   0.0
k_ppt45                   1.44450000             1.0   0.0
k_ppt46                   2.47383000             1.0   0.0
k_ppt47                   1.30654000             1.0   0.0
k_ppt48                  0.691353000             1.0   0.0
k_ppt49                  0.654825000             1.0   0.0
k_ppt50                   2.03955000             1.0   0.0
k_ppt51                   4.24036000             1.0   0.0
k_ppt52                   3.68075000             1.0   0.0
k_ppt53                   1.75775000             1.0   0.0
k_ppt54                   1.41172000             1.0   0.0
k_ppt55                   1.15565000             1.0   0.0
k_ppt56                  0.961449000             1.0   0.0
k_ppt57                  0.544860000             1.0   0.0
k_ppt58                   1.27670000             1.0   0.0
k_ppt59                   3.83445000             1.0   0.0
k_ppt60                   2.78615000             1.0   0.0
k_ppt61                   4.49871000             1.0   0.0
k_ppt62                   2.38764000             1.0   0.0
k_ppt63                  0.650909000             1.0   0.0
k_ppt64                   2.02879000             1.0   0.0
k_ppt65                  0.544092000             1.0   0.0
k_ppt66                  0.723028000             1.0   0.0
k_ppt67                   1.96570000             1.0   0.0
k_ppt68                   3.84927000             1.0   0.0
k_ppt69                   2.97677000             1.0   0.0
k_ppt70                   1.87040000             1.0   0.0
k_ppt71                  0.931441000             1.0   0.0
k_ppt72                   1.68677000             1.0   0.0
k_ppt73                  0.921785000             1.0   0.0
k_ppt74                  0.889163000             1.0   0.0
k_ppt75                   1.79689000             1.0   0.0
k_ppt76                   2.41587000             1.0   0.0
k_ppt77                   1.24724000             1.0   0.0
k_ppt78                   2.26092000             1.0   0.0
k_ppt79                   1.43202000             1.0   0.0
k_ppt80                   1.15841000             1.0   0.0
k_ppt81                   2.00120000             1.0   0.0
k_ppt82                  0.943701000             1.0   0.0
k_ppt83                   1.27041000             1.0   0.0
k_ppt84                   1.06137000             1.0   0.0
k_ppt85                   1.23402000             1.0   0.0
k_ppt86                   1.38339000             1.0   0.0
k_ppt87                  0.580949000             1.0   0.0
k_ppt88                  0.566364000             1.0   0.0
k_ppt89                   2.50721000             1.0   0.0
k_ppt90                   1.23029000             1.0   0.0
k_ppt91                   1.35320000             1.0   0.0
k_ppt92                  0.753402000             1.0   0.0
k_ppt93                  0.610702000             1.0   0.0
k_ppt94                  0.291232000             1.0   0.0
k_ppt95                  0.320493000             1.0   0.0
k_ppt96                  0.697284000             1.0   0.0
k_ppt97                  0.564328000             1.0   0.0
k_ppt98                  0.790625000             1.0   0.0
k_ppt99                   1.11148000             1.0   0.0
k_ppt100                 0.843676000             1.0   0.0
k_ppt101                 0.731706000             1.0   0.0
k_ppt102                 0.217094000             1.0   0.0
k_ppt103                 0.322314000             1.0   0.0
k_ppt104                 0.569846000             1.0   0.0
