  single point
        k_ppt1    0.9869929000000000         1.000000         0.000000    
        k_ppt2    0.9950328000000000         1.000000         0.000000    
        k_ppt3     1.004831000000000         1.000000         0.000000    
        k_ppt4     1.010952000000000         1.000000         0.000000    
        k_ppt5     1.004069000000000         1.000000         0.000000    
        k_ppt6    0.9862157000000000         1.000000         0.000000    
        k_ppt7    0.9718103000000000         1.000000         0.000000    
        k_ppt8    0.9726262000000000         1.000000         0.000000    
        k_ppt9    0.9708465000000000         1.000000         0.000000    
       k_ppt10    0.9790761000000000         1.000000         0.000000    
       k_ppt11    0.9947698000000000         1.000000         0.000000    
       k_ppt12     1.013632000000000         1.000000         0.000000    
       k_ppt13     1.013373000000000         1.000000         0.000000    
       k_ppt14    0.9944628000000000         1.000000         0.000000    
       k_ppt15    0.9803676000000000         1.000000         0.000000    
       k_ppt16    0.9867139000000000         1.000000         0.000000    
       k_ppt17    0.9451182000000000         1.000000         0.000000    
       k_ppt18    0.9483674000000000         1.000000         0.000000    
       k_ppt19    0.9631622000000000         1.000000         0.000000    
       k_ppt20    0.9920096000000000         1.000000         0.000000    
       k_ppt21     1.010680000000000         1.000000         0.000000    
       k_ppt22     1.019813000000000         1.000000         0.000000    
       k_ppt23     1.032411000000000         1.000000         0.000000    
       k_ppt24     1.051463000000000         1.000000         0.000000    
       k_ppt25    0.9243839000000000         1.000000         0.000000    
       k_ppt26    0.9260457000000000         1.000000         0.000000    
       k_ppt27    0.9395950000000000         1.000000         0.000000    
       k_ppt28    0.9586741000000000         1.000000         0.000000    
       k_ppt29     1.007831000000000         1.000000         0.000000    
       k_ppt30     1.090805000000000         1.000000         0.000000    
       k_ppt31     1.164082000000000         1.000000         0.000000    
       k_ppt32     1.193252000000000         1.000000         0.000000    
       k_ppt33    0.9371366000000000         1.000000         0.000000    
       k_ppt34    0.9580076000000000         1.000000         0.000000    
       k_ppt35    0.9981324000000000         1.000000         0.000000    
       k_ppt36     1.048436000000000         1.000000         0.000000    
       k_ppt37     1.138307000000000         1.000000         0.000000    
       k_ppt38     1.260736000000000         1.000000         0.000000    
       k_ppt39     1.345899000000000         1.000000         0.000000    
       k_ppt40     1.354192000000000         1.000000         0.000000    
       k_ppt41    0.9824081000000000         1.000000         0.000000    
       k_ppt42     1.052376000000000         1.000000         0.000000    
       k_ppt43     1.174470000000000         1.000000         0.000000    
       k_ppt44     1.314437000000000         1.000000         0.000000    
       k_ppt45     1.460346000000000         1.000000         0.000000    
       k_ppt46     1.576046000000000         1.000000         0.000000    
       k_ppt47     1.597197000000000         1.000000         0.000000    
       k_ppt48     1.531915000000000         1.000000         0.000000    
       k_ppt49     1.037076000000000         1.000000         0.000000    
       k_ppt50     1.166871000000000         1.000000         0.000000    
       k_ppt51     1.420634000000000         1.000000         0.000000    
       k_ppt52     1.753995000000000         1.000000         0.000000    
       k_ppt53     1.973140000000000         1.000000         0.000000    
       k_ppt54     1.975363000000000         1.000000         0.000000    
       k_ppt55     1.865574000000000         1.000000         0.000000    
       k_ppt56     1.692694000000000         1.000000         0.000000    
       k_ppt57     1.089033000000000         1.000000         0.000000    
       k_ppt58     1.237417000000000         1.000000         0.000000    
       k_ppt59     1.558942000000000         1.000000         0.000000    
       k_ppt60     1.994838000000000         1.000000         0.000000    
       k_ppt61     2.242494000000000         1.000000         0.000000    
       k_ppt62     2.147621000000000         1.000000         0.000000    
       k_ppt63     1.933286000000000         1.000000         0.000000    
       k_ppt64     1.709279000000000         1.000000         0.000000    
       k_ppt65     1.180484000000000         1.000000         0.000000    
       k_ppt66     1.272879000000000         1.000000         0.000000    
       k_ppt67     1.478842000000000         1.000000         0.000000    
       k_ppt68     1.777385000000000         1.000000         0.000000    
       k_ppt69     1.958372000000000         1.000000         0.000000    
       k_ppt70     1.874335000000000         1.000000         0.000000    
       k_ppt71     1.724562000000000         1.000000         0.000000    
       k_ppt72     1.566375000000000         1.000000         0.000000    
       k_ppt73     1.344216000000000         1.000000         0.000000    
       k_ppt74     1.338820000000000         1.000000         0.000000    
       k_ppt75     1.267151000000000         1.000000         0.000000    
       k_ppt76     1.239723000000000         1.000000         0.000000    
       k_ppt77     1.295007000000000         1.000000         0.000000    
       k_ppt78     1.360619000000000         1.000000         0.000000    
       k_ppt79     1.377553000000000         1.000000         0.000000    
       k_ppt80     1.337839000000000         1.000000         0.000000    
       k_ppt81     1.299671000000000         1.000000         0.000000    
       k_ppt82     1.214216000000000         1.000000         0.000000    
       k_ppt83     1.028021000000000         1.000000         0.000000    
       k_ppt84    0.9095061000000000         1.000000         0.000000    
       k_ppt85    0.8922432000000000         1.000000         0.000000    
       k_ppt86    0.9430407000000000         1.000000         0.000000    
       k_ppt87     1.016196000000000         1.000000         0.000000    
       k_ppt88     1.058541000000000         1.000000         0.000000    
       k_ppt89     1.060079000000000         1.000000         0.000000    
       k_ppt90    0.9450109000000000         1.000000         0.000000    
       k_ppt91    0.7812162000000000         1.000000         0.000000    
       k_ppt92    0.6801572000000000         1.000000         0.000000    
       k_ppt93    0.6475589000000000         1.000000         0.000000    
       k_ppt94    0.6683569000000000         1.000000         0.000000    
       k_ppt95    0.7341735000000000         1.000000         0.000000    
       k_ppt96    0.8055465000000002         1.000000         0.000000    
       k_ppt97    0.8038425000000000         1.000000         0.000000    
       k_ppt98    0.7005432000000000         1.000000         0.000000    
       k_ppt99    0.6029114000000000         1.000000         0.000000    
      k_ppt100    0.5225675000000000         1.000000         0.000000    
      k_ppt101    0.4969643000000000         1.000000         0.000000    
      k_ppt102    0.5218937000000000         1.000000         0.000000    
      k_ppt103    0.5686818000000000         1.000000         0.000000    
      k_ppt104    0.6400586000000000         1.000000         0.000000    
