       parameter            eig1            eig2            eig3            eig4            eig5            eig6            eig7            eig8            eig9           eig10           eig11           eig12 identifiability     sqrt(ident)
 k_ppt1          1.2322356E-06   1.9753780E-05   4.9893294E-09   2.2985082E-05   1.8451108E-06   2.2442180E-03   9.6008884E-06   1.2545379E-03   9.0101974E-04   3.6089034E-03   2.3212129E-05   5.3145676E-04   8.6187701E-03   9.2837331E-02
 k_ppt2          2.6426777E-07   3.9080314E-06   1.0561057E-08   5.6125507E-06   5.3306931E-07   7.5785615E-04   2.4897916E-06   4.3774989E-04   3.8785949E-04   6.8350016E-04   4.0338806E-08   4.0707974E-05   2.3205323E-03   4.8171903E-02
 k_ppt3          5.6357104E-08   7.8929464E-07   1.6376819E-07   2.5716893E-07   1.2599904E-08   4.0078290E-05   4.0289104E-07   4.8648269E-05   1.9336031E-04   2.6546886E-04   3.9256181E-05   2.0066761E-04   7.8916159E-04   2.8092020E-02
 k_ppt4          6.9806985E-08   7.2177352E-07   4.4462787E-08   6.8972951E-07   9.2042105E-08   6.1447428E-05   1.1729890E-06   1.4735156E-05   8.7486514E-05   2.6369210E-03   1.2252503E-04   9.0611981E-04   3.8320257E-03   6.1903358E-02
 k_ppt5          2.0777106E-07   2.5252357E-06   3.7316026E-09   2.7526771E-06   2.6998448E-07   2.4519160E-04   2.1789162E-06   1.2566365E-04   2.6213581E-06   2.5594074E-03   7.1849638E-05   6.7094141E-04   3.6836134E-03   6.0692779E-02
 k_ppt6          5.9318342E-07   9.2972277E-06   1.1464933E-08   9.7098494E-06   4.4882912E-07   5.2478461E-04   3.6004012E-06   3.2280413E-04   3.8444926E-04   3.6257832E-04   1.7263814E-07   1.7413088E-05   1.6358630E-03   4.0445803E-02
 k_ppt7          2.0266445E-07   4.1231307E-06   2.8093691E-08   6.5911462E-06   6.4278922E-07   1.0200049E-03   1.9056013E-06   6.4916126E-04   1.2204582E-03   9.9963903E-05   8.3135115E-05   2.7575631E-04   3.3619731E-03   5.7982524E-02
 k_ppt8          7.4435034E-07   1.3932351E-05   2.8421408E-07   2.2351553E-05   1.4925917E-06   2.3859683E-03   6.6320090E-06   1.6428519E-03   3.8774217E-03   1.0338290E-03   4.2008440E-04   1.7794100E-03   1.1185002E-02   0.1057592    
 k_ppt9          1.2500706E-05   2.0734164E-04   8.3591665E-08   2.1928898E-04   1.2807883E-05   1.6273516E-02   9.9326391E-05   8.6632045E-03   5.7604238E-03   2.7649741E-02   2.2901214E-04   4.4876894E-03   6.3614936E-02   0.2522200    
 k_ppt10         6.8896366E-06   1.1624792E-04   3.6440959E-07   1.3569919E-04   7.4118665E-06   1.0019672E-02   7.6294666E-05   5.0017485E-03   3.4136834E-03   1.1890092E-02   2.7532298E-05   1.0988576E-03   3.1794494E-02   0.1783101    
 k_ppt11         2.2586353E-06   3.0722810E-05   2.8427082E-06   1.5074378E-05   1.5006817E-07   4.6813266E-04   1.1903549E-05   6.1626152E-04   1.8551847E-03   1.0731432E-03   2.8341193E-04   1.2842138E-03   5.6432999E-03   7.5121900E-02
 k_ppt12         6.4078204E-07   1.1400821E-05   1.8668345E-07   8.0767144E-06   3.7273588E-07   2.1086914E-04   4.8986794E-08   1.7986810E-05   2.5538312E-03   3.5719964E-02   1.7650158E-03   1.2634009E-02   5.2922403E-02   0.2300487    
 k_ppt13         1.2194776E-08   5.4276318E-07   3.1496889E-07   5.9880865E-08   1.0611522E-06   7.5324905E-04   1.4375710E-06   3.7563930E-04   5.1817721E-04   3.4177181E-02   1.2834887E-03   1.0382853E-02   4.7494016E-02   0.2179312    
 k_ppt14         9.3600839E-06   1.3352733E-04   9.5114018E-08   1.1965442E-04   2.3116947E-06   2.2808800E-03   4.4796300E-05   1.4503186E-03   2.0512951E-03   1.9807514E-03   5.8321551E-10   1.5787628E-04   8.2308669E-03   9.0724125E-02
 k_ppt15         2.9584280E-08   1.6588038E-08   4.3825664E-08   6.7225103E-06   5.7329231E-06   1.0482842E-02   3.1109094E-07   6.4154575E-03   1.1483073E-02   3.0824181E-03   9.6967367E-04   3.7756519E-03   3.6221973E-02   0.1903207    
 k_ppt16         2.3051908E-06   4.4730699E-05   1.6882154E-06   8.9807528E-05   8.1881628E-06   1.3434330E-02   2.5111134E-05   9.2276956E-03   2.1951665E-02   7.0357089E-03   2.5444033E-03   1.1161041E-02   6.5526674E-02   0.2559818    
 k_ppt17         6.3546328E-07   2.4096448E-05   2.5498627E-05   5.0032960E-06   1.2658540E-05   1.5099350E-02   3.0954706E-05   1.3512444E-02   1.2904438E-02   4.2141237E-02   4.6923973E-04   9.8906503E-03   9.4116207E-02   0.3067836    
 k_ppt18         2.6551637E-06   4.1580108E-05   1.0160404E-05   7.3907969E-06   8.8912492E-06   1.1671848E-02   5.7835460E-06   8.7806498E-03   6.7241728E-03   2.5664310E-02   9.1720118E-05   3.1535676E-03   5.6162730E-02   0.2369868    
 k_ppt19         1.0919646E-04   1.6262923E-03   5.0590627E-05   1.1308170E-03   6.5862614E-07   1.1447131E-04   5.8150757E-04   5.6891167E-04   1.8456006E-03   6.0151246E-04   4.8325930E-04   1.8911478E-03   9.0039658E-03   9.4889229E-02
 k_ppt20         1.0038214E-05   1.5025542E-04   6.7781553E-06   1.0151982E-04   1.9357071E-06   1.0267078E-03   8.7555552E-05   4.3667031E-05   5.0506593E-03   8.0083268E-02   4.9200429E-03   3.4182261E-02   0.1256647       0.3544922    
 k_ppt21         2.9304498E-05   4.0956987E-04   5.9361823E-09   2.8471201E-04   2.0492199E-06   6.1110231E-04   1.3986959E-04   2.4332819E-04   6.8948870E-04   5.9808009E-02   3.0892251E-03   2.3828527E-02   8.9135191E-02   0.2985552    
 k_ppt22         1.7127683E-04   2.3956260E-03   6.1910897E-09   1.7472121E-03   2.8632357E-06   6.7129020E-04   6.2764473E-04   6.3799761E-04   5.3381251E-03   2.5168164E-04   1.5905244E-05   8.9814742E-06   1.1868610E-02   0.1089432    
 k_ppt23         2.1798303E-05   3.5491659E-04   6.2843094E-07   3.6740872E-04   9.0130706E-06   1.3621238E-02   1.0744670E-04   9.2610004E-03   2.4860193E-02   8.0955588E-03   2.3554418E-03   9.8277794E-03   6.8882423E-02   0.2624546    
 k_ppt24         8.6246062E-05   1.3782639E-03   1.1739255E-05   1.2675864E-03   9.2394516E-06   8.7144134E-03   4.7989718E-04   8.2744230E-03   3.4784169E-02   6.0608650E-03   4.4758628E-03   2.0328938E-02   8.5871644E-02   0.2930386    
 k_ppt25         1.2661045E-03   2.2080924E-02   1.0925515E-03   1.8296071E-02   6.4239655E-05   7.8840232E-02   1.3071529E-02   1.9355888E-03   7.7363783E-03   2.2481685E-02   7.9091324E-05   2.0263028E-04   0.1671470       0.4088362    
 k_ppt26         1.2147761E-03   2.0195087E-02   7.8062748E-04   1.6112973E-02   5.5765079E-05   6.4087597E-02   1.0189600E-02   2.9103447E-03   1.6062704E-03   1.9405549E-02   3.5133712E-04   8.2884972E-04   0.1377388       0.3711318    
 k_ppt27         8.5277174E-04   1.2742529E-02   3.0860036E-04   9.2101270E-03   1.6506137E-05   1.1010384E-02   4.2750263E-03   2.0596699E-05   9.0696273E-06   7.5372991E-04   3.4517496E-04   9.7267163E-04   4.0517187E-02   0.2012888    
 k_ppt28         1.4014813E-03   2.0392947E-02   1.8024375E-04   1.4203397E-02   9.1010972E-06   1.1593415E-03   5.0983977E-03   2.2914456E-04   1.2347017E-02   8.1656819E-02   5.1196042E-05   1.4909713E-03   0.1382201       0.3717796    
 k_ppt29         1.5779073E-03   2.2537204E-02   6.7575070E-05   1.5526202E-02   4.5923424E-06   2.1410555E-04   5.2203618E-03   6.0614032E-04   2.2021182E-02   0.1076471       4.9687595E-04   5.0412001E-03   0.1809604       0.4253944    
 k_ppt30         9.9800566E-04   1.3779924E-02   7.9979214E-08   9.3018833E-03   4.2473813E-07   5.3734444E-03   3.2327211E-03   1.7870887E-03   5.5058247E-03   2.4467458E-03   8.0462367E-06   9.3292610E-06   4.2443518E-02   0.2060182    
 k_ppt31         1.3345951E-03   1.9059596E-02   2.2088797E-05   1.2686830E-02   4.8673589E-06   4.9472815E-02   5.1288277E-03   1.8769537E-02   3.5197587E-04   1.8799110E-02   1.7435417E-04   1.1286833E-03   0.1269333       0.3562770    
 k_ppt32         1.9522025E-03   2.7933868E-02   9.1971990E-05   1.8984012E-02   7.9490297E-06   8.5757799E-02   8.0702785E-03   2.8521032E-02   2.1338351E-04   4.4396395E-02   1.0439490E-09   1.4291329E-05   0.2159432       0.4646969    
 k_ppt33         1.3472998E-03   2.5153890E-02   1.6385444E-03   2.1875648E-02   6.3220935E-05   8.8405546E-02   1.8335836E-02   1.3495060E-04   2.7173674E-02   1.2664219E-02   1.1330357E-04   9.2570060E-03   0.2061631       0.4540519    
 k_ppt34         1.2272195E-03   2.1796485E-02   1.0577579E-03   1.8150522E-02   4.4396090E-05   6.0381579E-02   1.3676285E-02   3.6702332E-04   1.0973477E-02   5.6280604E-03   1.1367999E-05   1.8611675E-03   0.1351753       0.3676620    
 k_ppt35         1.3584829E-03   1.9112463E-02   4.8450019E-04   1.2686948E-02   2.3700530E-05   1.5650113E-02   4.4887344E-03   8.8286072E-05   3.1589903E-04   2.6963027E-03   4.9756325E-04   2.4603775E-03   5.9863371E-02   0.2446699    
 k_ppt36         1.5284051E-03   2.3112084E-02   2.2848876E-04   1.6364110E-02   1.6686539E-05   1.5266319E-03   5.7773232E-03   2.6574481E-04   1.3583115E-02   5.4981879E-02   3.9936861E-03   1.6335409E-02   0.1377136       0.3710978    
 k_ppt37         1.5873415E-03   2.3376496E-02   6.1940694E-05   1.6247508E-02   6.1367658E-06   8.8341148E-04   5.6007528E-03   1.2002413E-03   1.5238484E-02   5.9631747E-02   3.0259866E-03   1.2424276E-02   0.1392843       0.3732081    
 k_ppt38         1.4694199E-03   1.9132232E-02   6.0393616E-07   1.1862187E-02   6.0533259E-10   1.1876512E-02   3.3922558E-03   3.3065768E-03   3.8298177E-03   2.5068684E-03   4.3964351E-05   7.7748566E-04   5.8197923E-02   0.2412425    
 k_ppt39         1.3368716E-03   1.9955346E-02   4.6685189E-05   1.4249524E-02   3.4628709E-06   4.5325512E-02   6.2801842E-03   1.4930931E-02   1.9860693E-03   1.6102674E-02   7.7726555E-04   2.2387188E-03   0.1232332       0.3510459    
 k_ppt40         2.0622730E-03   2.9743425E-02   2.0362785E-04   2.1070241E-02   6.4999156E-06   8.6120793E-02   9.4707724E-03   2.2603301E-02   1.7992986E-03   4.6154767E-02   1.3471817E-03   9.2108105E-03   0.2297930       0.4793673    
 k_ppt41         1.1992047E-03   1.7804180E-02   1.7286890E-03   1.1828006E-02   3.8332636E-05   4.4575903E-02   5.4047361E-03   9.5989818E-04   2.7318325E-02   1.5327809E-03   2.8069314E-04   2.0613322E-02   0.1332841       0.3650809    
 k_ppt42         1.0307381E-03   1.4447865E-02   9.9194082E-04   9.2152583E-03   1.6191210E-05   2.6103466E-02   4.0084750E-03   3.2785843E-04   1.4260283E-02   7.1052063E-05   6.1478354E-04   8.9461937E-03   8.0034105E-02   0.2829030    
 k_ppt43         1.5405129E-03   1.4630199E-02   4.1057406E-04   5.4657899E-03   8.4229034E-06   6.4699376E-03   3.7765604E-06   3.1889471E-04   1.3562822E-03   5.7952329E-04   1.1629703E-06   2.9495488E-03   3.3734625E-02   0.1836699    
 k_ppt44         1.2925095E-03   1.5907851E-02   1.7476276E-04   8.7579631E-03   8.6779192E-06   6.3392413E-04   1.0594132E-03   1.3786584E-05   7.9205437E-03   1.3091791E-02   8.0435592E-03   6.4138212E-02   0.1210430       0.3479123    
 k_ppt45         1.3121027E-03   1.5891610E-02   3.2864889E-05   8.7040508E-03   1.6272349E-06   8.1829527E-04   1.3763819E-03   2.4156004E-04   3.6759080E-03   1.5609080E-02   7.9842124E-03   6.1315126E-02   0.1169628       0.3419983    
 k_ppt46         1.6078098E-03   1.4666363E-02   1.1750546E-05   5.4493596E-03   2.6270942E-06   7.3909607E-03   8.1850666E-05   1.2120178E-04   4.6750712E-06   1.4561784E-03   3.2388635E-10   2.4467913E-03   3.3239568E-02   0.1823172    
 k_ppt47         1.0989434E-03   1.3417402E-02   1.0475257E-04   7.9367554E-03   2.5709315E-06   2.0352250E-02   2.1715666E-03   2.1409922E-03   4.0860570E-03   6.1449264E-03   2.6602473E-03   1.0176644E-02   7.0293107E-02   0.2651285    
 k_ppt48         1.7805804E-03   2.1204309E-02   4.2869334E-04   1.2408938E-02   2.3018060E-06   4.5079975E-02   3.6479784E-03   2.6696724E-03   3.4948652E-03   2.0233612E-02   1.6089522E-03   2.3015943E-02   0.1355758       0.3682062    
 k_ppt49         3.1322727E-03   1.2410959E-02   1.2277170E-03   1.2289317E-04   5.5682789E-05   1.4069442E-03   5.3068483E-02   2.6196120E-03   6.8609930E-02   1.0585003E-02   6.4514114E-03   1.7426514E-02   0.1771174       0.4208532    
 k_ppt50         2.5362878E-03   9.4618959E-03   6.0292954E-04   1.7853676E-04   1.3421658E-05   1.2911106E-04   4.2198294E-02   3.4616837E-03   5.7412110E-02   5.9014604E-03   1.4699764E-03   1.6976114E-02   0.1403418       0.3746222    
 k_ppt51         2.0525066E-03   9.6045139E-03   3.8257047E-04   1.5122006E-04   2.4294725E-10   6.6354671E-04   1.3691754E-02   1.5462590E-03   5.1177029E-03   5.7851760E-04   4.8578421E-03   3.3914162E-05   3.8680348E-02   0.1966732    
 k_ppt52         2.5231007E-03   9.4810349E-03   9.6969341E-05   1.3278995E-05   3.2685001E-05   6.8347672E-07   1.7763298E-02   4.1996662E-03   1.7158784E-03   7.0899470E-04   6.5771840E-02   6.1006340E-02   0.1633138       0.4041210    
 k_ppt53         2.5001904E-03   9.5644739E-03   8.0384463E-07   1.0798167E-06   5.3720856E-05   8.7598250E-04   1.4246265E-02   4.6118899E-03   8.6185396E-03   3.4713585E-05   6.0552267E-02   5.3099922E-02   0.1541598       0.3926319    
 k_ppt54         2.0114642E-03   9.6271637E-03   6.4066064E-05   3.6410394E-04   2.2391194E-05   2.8530225E-03   4.9219291E-03   3.8242318E-03   1.2222628E-02   1.9180507E-03   1.5651015E-03   5.7691857E-04   3.9971071E-02   0.1999277    
 k_ppt55         2.1733287E-03   8.5253967E-03   2.7877630E-04   5.0544396E-07   1.6098853E-05   3.1352010E-03   8.6543330E-03   1.1630364E-02   5.1036965E-02   9.0319369E-03   1.2120563E-02   2.7698116E-02   0.1343016       0.3664718    
 k_ppt56         3.2941576E-03   1.4399381E-02   9.8017562E-04   1.8357502E-04   4.7195811E-06   1.1114642E-02   8.5195881E-03   1.8540245E-02   6.6121314E-02   5.7193077E-03   2.8668145E-02   2.2544065E-02   0.1800893       0.4243693    
 k_ppt57         3.4198163E-03   1.1862141E-02   2.8468899E-03   1.0855939E-03   1.2434291E-04   5.9870385E-04   8.6856721E-02   7.5367657E-05   5.5379647E-02   7.1736580E-03   1.4701478E-02   1.9780382E-03   0.1861024       0.4313959    
 k_ppt58         2.5605563E-03   9.2864153E-03   1.9893878E-03   7.2348504E-04   1.9147392E-05   3.1107112E-04   6.5673394E-02   1.8161794E-04   2.8652089E-02   3.6532155E-03   4.6612690E-03   9.0040607E-05   0.1178017       0.3432225    
 k_ppt59         2.4398114E-03   7.7989929E-03   9.0104147E-04   3.2687511E-04   2.7434844E-06   1.6135231E-04   2.7183373E-02   1.7123998E-04   1.9036077E-03   8.3534024E-04   6.9626965E-03   1.7499946E-03   5.0437068E-02   0.2245820    
 k_ppt60         2.3584110E-03   8.2483922E-03   2.5799090E-04   1.7952624E-04   4.8477312E-05   4.0131542E-05   2.4175507E-02   3.0057841E-03   2.7504633E-03   2.7794933E-04   8.4683541E-02   4.7595637E-03   0.1307857       0.3616431    
 k_ppt61         2.2483517E-03   8.2052012E-03   1.4945411E-06   7.3639552E-05   8.1891444E-05   6.3607690E-04   1.8668270E-02   6.1604113E-03   9.7101295E-03   3.9864049E-06   8.5419916E-02   1.7205645E-03   0.1329299       0.3645956    
 k_ppt62         2.1652823E-03   7.3037377E-03   2.3829745E-04   2.1729840E-05   5.7356048E-05   1.7369012E-03   8.7563276E-03   1.0188073E-02   1.4971758E-02   1.1237170E-03   4.8182443E-03   7.9801943E-05   5.1461226E-02   0.2268507    
 k_ppt63         1.9634337E-03   7.4664741E-03   9.6137617E-04   2.9160025E-06   2.1637747E-05   3.9348526E-03   9.0146795E-03   3.2399995E-02   3.5102999E-02   4.3717017E-03   1.3446905E-02   1.3184691E-03   0.1100054       0.3316707    
 k_ppt64         3.4590344E-03   1.2483778E-02   2.5718344E-03   2.7490637E-06   1.9980928E-06   8.5512899E-03   1.1445750E-02   5.0663728E-02   6.0311028E-02   6.3692549E-03   4.2612894E-02   2.5209182E-03   0.2009943       0.4483238    
 k_ppt65         4.6449134E-03   1.0360710E-02   4.5401404E-03   2.6569641E-03   5.6055591E-04   7.2492069E-04   5.7524458E-02   1.2538024E-03   2.1917114E-02   3.4911495E-03   1.4514202E-02   2.3050006E-03   0.1244939       0.3528370    
 k_ppt66         3.3150704E-03   9.8790935E-03   4.7192987E-03   1.4263978E-03   1.0718488E-04   1.7077770E-03   6.4413979E-02   7.0366894E-03   6.9312187E-03   1.6486591E-03   1.5584854E-02   1.3921542E-02   0.1306918       0.3615132    
 k_ppt67         3.7649986E-03   6.5065482E-03   1.8720781E-03   2.1540924E-03   1.3562605E-05   2.9181247E-04   1.9987535E-02   5.4991402E-04   3.0520561E-04   3.7475377E-04   6.3273606E-05   6.4830299E-03   4.2366804E-02   0.2058320    
 k_ppt68         2.9780291E-03   7.7305290E-03   5.5651360E-04   6.0275625E-04   2.3974762E-04   1.8027370E-05   1.8054587E-02   1.0106499E-03   2.2267443E-03   2.0276624E-05   7.3010497E-02   7.8915806E-03   0.1143399       0.3381419    
 k_ppt69         2.5576113E-03   8.0768408E-03   5.8642687E-07   1.5989450E-04   3.3004068E-04   3.8098535E-04   1.5578298E-02   4.6185140E-03   6.1909836E-03   3.5683432E-04   0.1109704       2.5334599E-02   0.1745556       0.4177985    
 k_ppt70         3.0180759E-03   5.7120085E-03   6.8462516E-04   7.2455329E-04   1.7537488E-04   8.6201390E-04   5.1417796E-03   7.3668321E-03   7.5111022E-03   4.2114435E-04   2.6030337E-03   5.8500034E-06   3.4226394E-02   0.1850038    
 k_ppt71         2.4205621E-03   7.4772710E-03   2.6458291E-03   1.8100835E-05   7.8133764E-06   5.6371359E-03   5.2543864E-03   4.5109487E-02   1.5697647E-02   7.5638851E-04   1.8565166E-02   9.1447742E-03   0.1127346       0.3357597    
 k_ppt72         5.2010400E-03   1.1807691E-02   5.8737540E-03   4.0734550E-04   1.8569541E-04   6.8049287E-03   7.5496259E-03   4.9320116E-02   3.2993561E-02   2.5000082E-03   3.7892168E-02   3.7604272E-03   0.1642964       0.4053349    
 k_ppt73         1.1401770E-02   7.6171627E-04   4.5233776E-05   1.4268670E-02   1.9851257E-03   4.9353976E-03   2.4158325E-02   4.2209579E-02   1.1824234E-02   1.2184490E-03   1.5391758E-02   1.6169504E-02   0.1443698       0.3799602    
 k_ppt74         8.0849477E-03   1.4025215E-03   5.5866550E-04   1.1661068E-02   8.9063965E-04   1.8501431E-03   9.2119167E-03   1.5620103E-02   3.9948874E-03   5.6901860E-04   3.4968108E-03   1.2398587E-03   5.8580580E-02   0.2420343    
 k_ppt75         7.1155772E-03   3.0317812E-03   1.3790476E-03   8.9191576E-03   1.0483160E-04   5.3792771E-07   1.7627827E-04   3.7449295E-05   6.0735733E-04   3.3607491E-04   5.2707412E-03   1.2560154E-02   3.9538988E-02   0.1988441    
 k_ppt76         7.2568668E-03   1.9070194E-03   2.8740568E-04   1.1938881E-02   3.5372594E-03   2.0624132E-04   2.6897091E-04   1.1969542E-03   7.5174868E-05   2.8230116E-04   5.0045610E-02   6.0620253E-02   0.1376229       0.3709757    
 k_ppt77         6.5914233E-03   2.2453671E-03   7.9283191E-05   9.6595265E-03   4.4373028E-03   1.2668933E-04   1.0036566E-04   6.0452179E-04   2.3781531E-04   2.7916703E-05   2.2569991E-02   3.0365100E-02   7.7045303E-02   0.2775704    
 k_ppt78         6.1627739E-03   3.1697045E-03   1.2540721E-03   6.4717285E-03   7.6826992E-04   1.1304236E-04   3.6365124E-04   4.2102024E-04   1.9453557E-03   1.4778147E-04   1.6541122E-04   9.6686873E-04   2.1949680E-02   0.1481542    
 k_ppt79         6.8711320E-03   1.9597130E-03   2.2287730E-03   9.7675535E-03   1.3211140E-04   2.5836607E-03   2.1547331E-04   1.8069823E-02   2.2810972E-03   7.4814603E-04   4.3895274E-03   7.4264578E-03   5.6673468E-02   0.2380619    
 k_ppt80         1.4163345E-02   3.1779155E-03   4.1356395E-03   1.6127417E-02   1.3514321E-03   4.5960486E-03   7.7453491E-04   3.4807590E-02   8.3547647E-03   2.5595359E-03   5.6847581E-03   2.4427563E-02   0.1201605       0.3466418    
 k_ppt81         1.7551898E-02   1.0392225E-03   2.3351774E-03   3.0730745E-02   1.2404770E-02   7.5153506E-03   5.4397793E-02   5.2980872E-02   8.1763934E-03   8.9766580E-04   1.2801594E-02   8.8884856E-03   0.2097200       0.4579519    
 k_ppt82         1.2605873E-02   1.5370721E-03   3.5452532E-03   2.6666108E-02   7.9292172E-03   4.0137423E-03   3.3576195E-02   2.6367596E-02   3.6564155E-03   4.9473885E-04   2.8301173E-03   8.0490763E-04   0.1240272       0.3521750    
 k_ppt83         1.2657456E-02   1.1441463E-03   4.5368704E-04   1.4406940E-02   5.0462952E-04   3.2482792E-04   6.5553743E-03   2.9183451E-03   1.3613722E-03   3.4574207E-04   3.3220377E-03   5.7804318E-03   4.9774990E-02   0.2231031    
 k_ppt84         1.0752225E-02   2.4582263E-03   7.2723781E-05   2.1898640E-02   2.7710222E-02   8.3358442E-05   5.1893206E-03   2.0010644E-04   5.3253261E-04   2.1945382E-04   2.5673234E-02   2.4889188E-02   0.1196792       0.3459469    
 k_ppt85         1.0675500E-02   2.8312522E-03   6.7822203E-05   2.2155124E-02   3.3358650E-02   4.5393696E-04   3.4097934E-03   2.1324797E-03   1.7649980E-05   3.0642427E-05   2.0656910E-02   1.8219718E-02   0.1140095       0.3376529    
 k_ppt86         1.2600551E-02   1.8759138E-03   1.4847161E-03   1.4307967E-02   2.4137743E-03   1.3717654E-03   2.5649064E-04   8.4847525E-03   5.4381221E-04   1.0629539E-04   1.3871499E-03   9.7887422E-04   4.5812062E-02   0.2140375    
 k_ppt87         1.1225139E-02   3.4593800E-03   1.4920495E-02   2.3056483E-02   3.8858608E-03   6.3507415E-03   2.9693483E-05   3.9232221E-02   8.6061330E-04   5.3107979E-04   2.1800699E-03   4.1037094E-03   0.1098355       0.3314144    
 k_ppt88         2.4134293E-02   4.4221170E-03   1.9407152E-02   3.6138829E-02   9.8460812E-03   1.2172951E-02   4.8738720E-05   8.1863459E-02   3.9839949E-03   1.9653608E-03   8.0521147E-03   2.0301257E-02   0.2223363       0.4715256    
 k_ppt89         3.1523195E-02   2.0233724E-04   9.5031330E-04   2.6569635E-02   1.4868241E-02   6.0425277E-03   4.6318681E-02   4.4253040E-02   7.4759795E-03   9.8703569E-04   4.8389130E-03   1.9364576E-03   0.1859664       0.4312382    
 k_ppt90         2.0635427E-02   1.0554384E-03   5.1094089E-03   2.8756051E-02   1.8587912E-02   3.8421681E-03   3.1906734E-02   2.3795210E-02   3.8488882E-03   5.9125914E-04   3.8671087E-04   1.9758376E-05   0.1385350       0.3722029    
 k_ppt91         1.8891101E-02   6.5941038E-06   4.5243021E-05   7.7574280E-03   3.0169338E-05   4.2437394E-04   7.5303042E-03   4.2019060E-03   1.4562229E-03   2.8818443E-04   1.0590750E-03   2.2308871E-03   4.3921489E-02   0.2095745    
 k_ppt92         1.6187450E-02   1.9911036E-03   8.1047963E-05   2.1994342E-02   6.3855745E-02   2.7146483E-05   7.7014894E-03   4.4384611E-05   7.8743011E-04   1.2547819E-04   3.6635604E-03   3.4017166E-03   0.1198609       0.3462093    
 k_ppt93         1.6227732E-02   2.6970789E-03   1.1159170E-05   2.5383743E-02   7.7056751E-02   3.8294980E-04   5.3809043E-03   1.3927522E-03   9.4153895E-05   6.1335142E-06   3.3611968E-03   2.1930226E-03   0.1341876       0.3663162    
 k_ppt94         1.8943904E-02   2.2783255E-04   3.2950355E-04   9.4780864E-03   7.2262656E-04   1.2055073E-03   3.3975350E-04   8.3909248E-03   3.3703528E-04   8.8646018E-05   1.1567148E-03   5.9624427E-04   4.1816779E-02   0.2044915    
 k_ppt95         1.8584056E-02   3.3282182E-03   2.3944365E-02   2.5194010E-02   1.2713061E-02   6.1135906E-03   3.8812164E-05   3.5672136E-02   9.2851388E-04   4.2472517E-04   1.3470763E-05   4.1014757E-04   0.1273651       0.3568825    
 k_ppt96         4.2580785E-02   2.0094773E-03   1.3173371E-02   3.3621958E-02   1.2335620E-02   1.0986370E-02   2.2836909E-05   7.6332935E-02   3.8196094E-03   1.6263887E-03   2.7016646E-03   8.8577203E-03   0.2080687       0.4561455    
 k_ppt97         8.8024489E-02   4.8613572E-02   0.2066840       6.4782051E-02   0.1126734       2.1673877E-04   7.8225640E-04   8.8882497E-03   6.4596091E-03   8.6866990E-04   5.8984706E-03   3.4738413E-03   0.5473654       0.7398415    
 k_ppt98         6.6693570E-02   3.5432023E-02   0.1252763       4.5882000E-02   4.3127262E-02   2.6076180E-04   1.4966472E-03   3.3327411E-03   3.1880070E-03   5.2321283E-04   7.5493903E-04   1.0062832E-04   0.3260681       0.5710237    
 k_ppt99         5.4749153E-02   1.8065953E-02   2.5766555E-02   1.2364566E-02   8.9916220E-03   2.8175236E-05   4.9792769E-06   2.7769235E-03   1.2562327E-03   3.4570567E-04   1.1703187E-03   3.2584418E-03   0.1287786       0.3588574    
 k_ppt100        5.3378168E-02   3.0447823E-02   3.5536589E-03   2.9737305E-02   0.2129429       8.3628502E-05   3.2717354E-03   2.0402436E-04   5.2933829E-06   8.4978676E-05   8.0726447E-03   1.3928349E-02   0.3557105       0.5964147    
 k_ppt101        5.3475234E-02   2.8706409E-02   1.7842722E-03   2.3986930E-02   0.2083583       9.0040096E-06   4.5793370E-03   8.7632721E-04   8.3254720E-04   6.0797176E-06   8.3789237E-03   1.1655714E-02   0.3426491       0.5853624    
 k_ppt102        5.1985859E-02   1.5064790E-02   2.5616305E-02   4.1950202E-03   1.3468611E-02   7.6243485E-06   7.4598511E-04   3.1599159E-03   1.4756802E-03   1.7639652E-04   1.8108879E-03   1.2081184E-03   0.1189152       0.3448408    
 k_ppt103        6.0495274E-02   3.1163762E-02   0.1653917       1.3880945E-02   1.9976573E-02   6.0105474E-04   5.7106542E-04   7.8276583E-04   3.0960577E-03   5.4463329E-04   1.8912436E-04   1.7285268E-03   0.2984215       0.5462797    
 k_ppt104        0.1051894       4.6229415E-02   0.3054710       1.4487993E-02   6.6355693E-02   2.4884090E-04   8.2201096E-04   7.1454409E-03   7.4281728E-03   1.7376485E-03   4.3843151E-03   1.4459823E-02   0.5739598       0.7576013    
