 single point
 k_ppt1                10.96122        1.000000        0.000000    
 k_ppt2                3.476276        1.000000        0.000000    
 k_ppt3                1.360090        1.000000        0.000000    
 k_ppt4               0.6674948        1.000000        0.000000    
 k_ppt5               0.6354030        1.000000        0.000000    
 k_ppt6               0.3791611        1.000000        0.000000    
 k_ppt7               0.6095425        1.000000        0.000000    
 k_ppt8               0.6282463        1.000000        0.000000    
 k_ppt9                7.197051        1.000000        0.000000    
 k_ppt10               3.271551        1.000000        0.000000    
 k_ppt11               1.718066        1.000000        0.000000    
 k_ppt12               1.173041        1.000000        0.000000    
 k_ppt13              0.9120957        1.000000        0.000000    
 k_ppt14               1.110167        1.000000        0.000000    
 k_ppt15              0.8027791        1.000000        0.000000    
 k_ppt16              0.3814449        1.000000        0.000000    
 k_ppt17               4.810591        1.000000        0.000000    
 k_ppt18               2.812855        1.000000        0.000000    
 k_ppt19               1.669671        1.000000        0.000000    
 k_ppt20              0.6199762        1.000000        0.000000    
 k_ppt21              0.8446307        1.000000        0.000000    
 k_ppt22               1.213701        1.000000        0.000000    
 k_ppt23              0.6091624        1.000000        0.000000    
 k_ppt24              0.6733838        1.000000        0.000000    
 k_ppt25               1.507657        1.000000        0.000000    
 k_ppt26               6.155718        1.000000        0.000000    
 k_ppt27               1.226869        1.000000        0.000000    
 k_ppt28               1.259381        1.000000        0.000000    
 k_ppt29              0.9382455        1.000000        0.000000    
 k_ppt30              0.3713793        1.000000        0.000000    
 k_ppt31              0.8690705        1.000000        0.000000    
 k_ppt32              0.6688805        1.000000        0.000000    
 k_ppt33               1.036463        1.000000        0.000000    
 k_ppt34               2.466086        1.000000        0.000000    
 k_ppt35              0.8750492        1.000000        0.000000    
 k_ppt36              0.6615308        1.000000        0.000000    
 k_ppt37               1.158231        1.000000        0.000000    
 k_ppt38               1.360779        1.000000        0.000000    
 k_ppt39              0.6762042        1.000000        0.000000    
 k_ppt40              0.6652933        1.000000        0.000000    
 k_ppt41               1.879049        1.000000        0.000000    
 k_ppt42               2.165623        1.000000        0.000000    
 k_ppt43               1.184034        1.000000        0.000000    
 k_ppt44              0.7793577        1.000000        0.000000    
 k_ppt45              0.4064070        1.000000        0.000000    
 k_ppt46               1.345748        1.000000        0.000000    
 k_ppt47              0.9239920        1.000000        0.000000    
 k_ppt48              0.7370986        1.000000        0.000000    
 k_ppt49               2.751834        1.000000        0.000000    
 k_ppt50               8.466954        1.000000        0.000000    
 k_ppt51              0.7019405        1.000000        0.000000    
 k_ppt52              0.2811637        1.000000        0.000000    
 k_ppt53              0.5433673        1.000000        0.000000    
 k_ppt54               1.773413        1.000000        0.000000    
 k_ppt55               2.089942        1.000000        0.000000    
 k_ppt56              0.2327295        1.000000        0.000000    
 k_ppt57               2.239079        1.000000        0.000000    
 k_ppt58               3.544132        1.000000        0.000000    
 k_ppt59              0.8058475        1.000000        0.000000    
 k_ppt60              0.5273651        1.000000        0.000000    
 k_ppt61              0.5138676        1.000000        0.000000    
 k_ppt62              0.8490344        1.000000        0.000000    
 k_ppt63              0.8125420        1.000000        0.000000    
 k_ppt64              0.6294833        1.000000        0.000000    
 k_ppt65               1.684325        1.000000        0.000000    
 k_ppt66              0.8835973        1.000000        0.000000    
 k_ppt67              0.6963885        1.000000        0.000000    
 k_ppt68               1.720404        1.000000        0.000000    
 k_ppt69              0.6505513        1.000000        0.000000    
 k_ppt70              0.6489794        1.000000        0.000000    
 k_ppt71              0.9859958        1.000000        0.000000    
 k_ppt72              0.2361049        1.000000        0.000000    
 k_ppt73               3.157213        1.000000        0.000000    
 k_ppt74               1.502451        1.000000        0.000000    
 k_ppt75               1.329188        1.000000        0.000000    
 k_ppt76              0.6965463        1.000000        0.000000    
 k_ppt77              0.5015276        1.000000        0.000000    
 k_ppt78              0.6750594        1.000000        0.000000    
 k_ppt79              0.6027086        1.000000        0.000000    
 k_ppt80              0.4715996        1.000000        0.000000    
 k_ppt81               3.142471        1.000000        0.000000    
 k_ppt82               1.387535        1.000000        0.000000    
 k_ppt83              0.8308859        1.000000        0.000000    
 k_ppt84              0.7592545        1.000000        0.000000    
 k_ppt85              0.7125847        1.000000        0.000000    
 k_ppt86              0.9675461        1.000000        0.000000    
 k_ppt87              0.6157591        1.000000        0.000000    
 k_ppt88              0.7364956        1.000000        0.000000    
 k_ppt89              0.5461853        1.000000        0.000000    
 k_ppt90               1.608637        1.000000        0.000000    
 k_ppt91              0.9602468        1.000000        0.000000    
 k_ppt92              0.9070771        1.000000        0.000000    
 k_ppt93               1.248494        1.000000        0.000000    
 k_ppt94               1.512272        1.000000        0.000000    
 k_ppt95              0.9918271        1.000000        0.000000    
 k_ppt96               3.832216        1.000000        0.000000    
 k_ppt97               1.394663        1.000000        0.000000    
 k_ppt98               1.499157        1.000000        0.000000    
 k_ppt99              0.5787587        1.000000        0.000000    
 k_ppt100              1.488944        1.000000        0.000000    
 k_ppt101             0.7588812        1.000000        0.000000    
 k_ppt102             0.7907628        1.000000        0.000000    
 k_ppt103             0.9544109        1.000000        0.000000    
 k_ppt104             0.5163438        1.000000        0.000000    
