 single point
 k_ppt1               6.9563605E-02    1.000000        0.000000    
 k_ppt2               6.6080235E-02    1.000000        0.000000    
 k_ppt3               0.1439989        1.000000        0.000000    
 k_ppt4               9.9303119E-02    1.000000        0.000000    
 k_ppt5               0.3715851        1.000000        0.000000    
 k_ppt6               0.5560788        1.000000        0.000000    
 k_ppt7               0.6662147        1.000000        0.000000    
 k_ppt8                2.629049        1.000000        0.000000    
 k_ppt9               4.3823402E-02    1.000000        0.000000    
 k_ppt10              0.1093889        1.000000        0.000000    
 k_ppt11              0.1040238        1.000000        0.000000    
 k_ppt12              0.3561196        1.000000        0.000000    
 k_ppt13              0.6359672        1.000000        0.000000    
 k_ppt14               1.697281        1.000000        0.000000    
 k_ppt15               2.205573        1.000000        0.000000    
 k_ppt16               4.167888        1.000000        0.000000    
 k_ppt17              4.2950321E-02    1.000000        0.000000    
 k_ppt18              0.3101382        1.000000        0.000000    
 k_ppt19              0.3702450        1.000000        0.000000    
 k_ppt20               1.006652        1.000000        0.000000    
 k_ppt21               1.941963        1.000000        0.000000    
 k_ppt22               3.265093        1.000000        0.000000    
 k_ppt23               5.826721        1.000000        0.000000    
 k_ppt24               3.548213        1.000000        0.000000    
 k_ppt25              9.2366636E-02    1.000000        0.000000    
 k_ppt26              0.3844225        1.000000        0.000000    
 k_ppt27              0.1944860        1.000000        0.000000    
 k_ppt28               1.113331        1.000000        0.000000    
 k_ppt29               2.139699        1.000000        0.000000    
 k_ppt30               2.573410        1.000000        0.000000    
 k_ppt31               2.514252        1.000000        0.000000    
 k_ppt32               1.733270        1.000000        0.000000    
 k_ppt33              0.5256968        1.000000        0.000000    
 k_ppt34              0.7025984        1.000000        0.000000    
 k_ppt35              0.7674312        1.000000        0.000000    
 k_ppt36              0.6652755        1.000000        0.000000    
 k_ppt37               1.707333        1.000000        0.000000    
 k_ppt38               1.845719        1.000000        0.000000    
 k_ppt39               2.166668        1.000000        0.000000    
 k_ppt40              0.7349830        1.000000        0.000000    
 k_ppt41              0.9346009        1.000000        0.000000    
 k_ppt42              0.5195875        1.000000        0.000000    
 k_ppt43              0.2875733        1.000000        0.000000    
 k_ppt44               2.029458        1.000000        0.000000    
 k_ppt45              0.9034441        1.000000        0.000000    
 k_ppt46               1.150130        1.000000        0.000000    
 k_ppt47               1.298210        1.000000        0.000000    
 k_ppt48              0.5037552        1.000000        0.000000    
 k_ppt49              0.5187728        1.000000        0.000000    
 k_ppt50              0.6423395        1.000000        0.000000    
 k_ppt51              0.6304590        1.000000        0.000000    
 k_ppt52               1.777870        1.000000        0.000000    
 k_ppt53              0.8028058        1.000000        0.000000    
 k_ppt54              0.6724514        1.000000        0.000000    
 k_ppt55               1.880053        1.000000        0.000000    
 k_ppt56               1.085648        1.000000        0.000000    
 k_ppt57               1.003227        1.000000        0.000000    
 k_ppt58              0.5627866        1.000000        0.000000    
 k_ppt59              0.6218027        1.000000        0.000000    
 k_ppt60               2.028670        1.000000        0.000000    
 k_ppt61               2.187459        1.000000        0.000000    
 k_ppt62              0.9218581        1.000000        0.000000    
 k_ppt63               1.536741        1.000000        0.000000    
 k_ppt64               1.674087        1.000000        0.000000    
 k_ppt65              0.7857412        1.000000        0.000000    
 k_ppt66               1.091533        1.000000        0.000000    
 k_ppt67               1.275569        1.000000        0.000000    
 k_ppt68               1.030002        1.000000        0.000000    
 k_ppt69               1.022007        1.000000        0.000000    
 k_ppt70               1.420900        1.000000        0.000000    
 k_ppt71               2.377198        1.000000        0.000000    
 k_ppt72              0.6930519        1.000000        0.000000    
 k_ppt73              0.2514842        1.000000        0.000000    
 k_ppt74              0.7051308        1.000000        0.000000    
 k_ppt75              0.7218359        1.000000        0.000000    
 k_ppt76              0.8553675        1.000000        0.000000    
 k_ppt77               3.910265        1.000000        0.000000    
 k_ppt78               2.734506        1.000000        0.000000    
 k_ppt79               3.155216        1.000000        0.000000    
 k_ppt80               1.433785        1.000000        0.000000    
 k_ppt81              0.2058623        1.000000        0.000000    
 k_ppt82              0.2450067        1.000000        0.000000    
 k_ppt83              0.3389111        1.000000        0.000000    
 k_ppt84               1.678892        1.000000        0.000000    
 k_ppt85               1.624895        1.000000        0.000000    
 k_ppt86               5.015815        1.000000        0.000000    
 k_ppt87               2.440564        1.000000        0.000000    
 k_ppt88               1.686448        1.000000        0.000000    
 k_ppt89              0.4785489        1.000000        0.000000    
 k_ppt90              0.5984601        1.000000        0.000000    
 k_ppt91              0.9633559        1.000000        0.000000    
 k_ppt92               1.107297        1.000000        0.000000    
 k_ppt93              0.8850588        1.000000        0.000000    
 k_ppt94               1.231822        1.000000        0.000000    
 k_ppt95              0.9496988        1.000000        0.000000    
 k_ppt96               1.140340        1.000000        0.000000    
 k_ppt97              0.5887206        1.000000        0.000000    
 k_ppt98              0.3296724        1.000000        0.000000    
 k_ppt99               1.287870        1.000000        0.000000    
 k_ppt100             0.9615827        1.000000        0.000000    
 k_ppt101              1.671639        1.000000        0.000000    
 k_ppt102              1.730058        1.000000        0.000000    
 k_ppt103              1.566393        1.000000        0.000000    
 k_ppt104              1.397070        1.000000        0.000000    
