 single point
 k_ppt1                1.138679        1.000000        0.000000    
 k_ppt2                1.726478        1.000000        0.000000    
 k_ppt3                1.830279        1.000000        0.000000    
 k_ppt4               0.4469196        1.000000        0.000000    
 k_ppt5               0.7588211        1.000000        0.000000    
 k_ppt6                1.080823        1.000000        0.000000    
 k_ppt7                2.951591        1.000000        0.000000    
 k_ppt8                2.265603        1.000000        0.000000    
 k_ppt9                1.962622        1.000000        0.000000    
 k_ppt10               1.057915        1.000000        0.000000    
 k_ppt11               1.591931        1.000000        0.000000    
 k_ppt12              0.7052039        1.000000        0.000000    
 k_ppt13              0.4743838        1.000000        0.000000    
 k_ppt14              0.8114566        1.000000        0.000000    
 k_ppt15              0.4158698        1.000000        0.000000    
 k_ppt16               1.000206        1.000000        0.000000    
 k_ppt17               1.748220        1.000000        0.000000    
 k_ppt18               1.573055        1.000000        0.000000    
 k_ppt19               1.044928        1.000000        0.000000    
 k_ppt20               1.715449        1.000000        0.000000    
 k_ppt21              0.3354405        1.000000        0.000000    
 k_ppt22              0.2223660        1.000000        0.000000    
 k_ppt23              0.1547010        1.000000        0.000000    
 k_ppt24              0.3492784        1.000000        0.000000    
 k_ppt25               2.433178        1.000000        0.000000    
 k_ppt26               2.343655        1.000000        0.000000    
 k_ppt27               1.156398        1.000000        0.000000    
 k_ppt28               2.385112        1.000000        0.000000    
 k_ppt29               2.310599        1.000000        0.000000    
 k_ppt30              0.6459387        1.000000        0.000000    
 k_ppt31              0.2377052        1.000000        0.000000    
 k_ppt32              0.6455928        1.000000        0.000000    
 k_ppt33               1.077674        1.000000        0.000000    
 k_ppt34              0.9559577        1.000000        0.000000    
 k_ppt35              0.9941067        1.000000        0.000000    
 k_ppt36               2.323066        1.000000        0.000000    
 k_ppt37              0.8252786        1.000000        0.000000    
 k_ppt38              0.4374914        1.000000        0.000000    
 k_ppt39              0.8433773        1.000000        0.000000    
 k_ppt40               1.567869        1.000000        0.000000    
 k_ppt41              0.6875572        1.000000        0.000000    
 k_ppt42              0.8987692        1.000000        0.000000    
 k_ppt43              0.8925385        1.000000        0.000000    
 k_ppt44               1.182268        1.000000        0.000000    
 k_ppt45               1.298286        1.000000        0.000000    
 k_ppt46               1.167060        1.000000        0.000000    
 k_ppt47               1.034664        1.000000        0.000000    
 k_ppt48               1.360907        1.000000        0.000000    
 k_ppt49               1.095882        1.000000        0.000000    
 k_ppt50              0.9205043        1.000000        0.000000    
 k_ppt51              0.7908032        1.000000        0.000000    
 k_ppt52               1.721068        1.000000        0.000000    
 k_ppt53               1.261267        1.000000        0.000000    
 k_ppt54               2.150208        1.000000        0.000000    
 k_ppt55              0.5360363        1.000000        0.000000    
 k_ppt56              0.6495882        1.000000        0.000000    
 k_ppt57               1.669254        1.000000        0.000000    
 k_ppt58              0.8253419        1.000000        0.000000    
 k_ppt59              0.8597476        1.000000        0.000000    
 k_ppt60              0.7054475        1.000000        0.000000    
 k_ppt61              0.9722627        1.000000        0.000000    
 k_ppt62              0.5266431        1.000000        0.000000    
 k_ppt63               1.615095        1.000000        0.000000    
 k_ppt64              0.5668070        1.000000        0.000000    
 k_ppt65               1.448833        1.000000        0.000000    
 k_ppt66               1.120495        1.000000        0.000000    
 k_ppt67               1.125753        1.000000        0.000000    
 k_ppt68               1.138934        1.000000        0.000000    
 k_ppt69              0.5215348        1.000000        0.000000    
 k_ppt70              0.3515043        1.000000        0.000000    
 k_ppt71               1.285717        1.000000        0.000000    
 k_ppt72              0.3637361        1.000000        0.000000    
 k_ppt73              0.9169589        1.000000        0.000000    
 k_ppt74               1.427281        1.000000        0.000000    
 k_ppt75               2.733781        1.000000        0.000000    
 k_ppt76               1.180101        1.000000        0.000000    
 k_ppt77               1.301214        1.000000        0.000000    
 k_ppt78               1.135963        1.000000        0.000000    
 k_ppt79               1.009736        1.000000        0.000000    
 k_ppt80              0.4729651        1.000000        0.000000    
 k_ppt81              0.7674413        1.000000        0.000000    
 k_ppt82               1.617969        1.000000        0.000000    
 k_ppt83               1.826231        1.000000        0.000000    
 k_ppt84              0.7388361        1.000000        0.000000    
 k_ppt85               1.863159        1.000000        0.000000    
 k_ppt86              0.3630656        1.000000        0.000000    
 k_ppt87              0.6071952        1.000000        0.000000    
 k_ppt88              0.9447915        1.000000        0.000000    
 k_ppt89               1.597607        1.000000        0.000000    
 k_ppt90               1.325602        1.000000        0.000000    
 k_ppt91               1.087920        1.000000        0.000000    
 k_ppt92               2.561864        1.000000        0.000000    
 k_ppt93               4.046224        1.000000        0.000000    
 k_ppt94              0.4524521        1.000000        0.000000    
 k_ppt95              0.3572449        1.000000        0.000000    
 k_ppt96              0.8884859        1.000000        0.000000    
 k_ppt97               2.913250        1.000000        0.000000    
 k_ppt98              0.4275241        1.000000        0.000000    
 k_ppt99              0.7462274        1.000000        0.000000    
 k_ppt100              1.726551        1.000000        0.000000    
 k_ppt101              1.417891        1.000000        0.000000    
 k_ppt102             0.7481544        1.000000        0.000000    
 k_ppt103             0.6899202        1.000000        0.000000    
 k_ppt104             0.6298767        1.000000        0.000000    
