 single point
 k_ppt1               0.8731802        1.000000        0.000000    
 k_ppt2                1.712709        1.000000        0.000000    
 k_ppt3               0.7164063        1.000000        0.000000    
 k_ppt4                1.006955        1.000000        0.000000    
 k_ppt5               0.3838467        1.000000        0.000000    
 k_ppt6               9.0652354E-02    1.000000        0.000000    
 k_ppt7               0.1219032        1.000000        0.000000    
 k_ppt8               0.2506765        1.000000        0.000000    
 k_ppt9               0.8974357        1.000000        0.000000    
 k_ppt10              0.6651739        1.000000        0.000000    
 k_ppt11               3.809300        1.000000        0.000000    
 k_ppt12              0.3614764        1.000000        0.000000    
 k_ppt13              0.3241904        1.000000        0.000000    
 k_ppt14              0.1012832        1.000000        0.000000    
 k_ppt15              0.4333507        1.000000        0.000000    
 k_ppt16              0.4464821        1.000000        0.000000    
 k_ppt17              0.6997368        1.000000        0.000000    
 k_ppt18               1.413386        1.000000        0.000000    
 k_ppt19               1.699580        1.000000        0.000000    
 k_ppt20              0.7506711        1.000000        0.000000    
 k_ppt21              0.2949973        1.000000        0.000000    
 k_ppt22              0.4129890        1.000000        0.000000    
 k_ppt23              0.6733157        1.000000        0.000000    
 k_ppt24               1.045746        1.000000        0.000000    
 k_ppt25               1.966211        1.000000        0.000000    
 k_ppt26               2.039614        1.000000        0.000000    
 k_ppt27               2.950479        1.000000        0.000000    
 k_ppt28               1.189077        1.000000        0.000000    
 k_ppt29              0.3955776        1.000000        0.000000    
 k_ppt30              0.2276063        1.000000        0.000000    
 k_ppt31              0.5059085        1.000000        0.000000    
 k_ppt32               1.024469        1.000000        0.000000    
 k_ppt33              0.7415408        1.000000        0.000000    
 k_ppt34               2.734503        1.000000        0.000000    
 k_ppt35               1.357739        1.000000        0.000000    
 k_ppt36               2.092868        1.000000        0.000000    
 k_ppt37               1.060608        1.000000        0.000000    
 k_ppt38              0.6078244        1.000000        0.000000    
 k_ppt39              0.9626709        1.000000        0.000000    
 k_ppt40               1.321996        1.000000        0.000000    
 k_ppt41              0.7845662        1.000000        0.000000    
 k_ppt42              0.4594618        1.000000        0.000000    
 k_ppt43              0.6847121        1.000000        0.000000    
 k_ppt44              0.5798419        1.000000        0.000000    
 k_ppt45              0.7513078        1.000000        0.000000    
 k_ppt46              0.4418200        1.000000        0.000000    
 k_ppt47               1.014030        1.000000        0.000000    
 k_ppt48               1.743582        1.000000        0.000000    
 k_ppt49              0.6929485        1.000000        0.000000    
 k_ppt50              0.3325124        1.000000        0.000000    
 k_ppt51              0.8425542        1.000000        0.000000    
 k_ppt52              0.7321053        1.000000        0.000000    
 k_ppt53              0.5650808        1.000000        0.000000    
 k_ppt54              0.4509451        1.000000        0.000000    
 k_ppt55              0.9923562        1.000000        0.000000    
 k_ppt56               1.321010        1.000000        0.000000    
 k_ppt57               2.562993        1.000000        0.000000    
 k_ppt58              0.9927022        1.000000        0.000000    
 k_ppt59              0.3931459        1.000000        0.000000    
 k_ppt60              0.8009654        1.000000        0.000000    
 k_ppt61              0.7655659        1.000000        0.000000    
 k_ppt62              0.4513148        1.000000        0.000000    
 k_ppt63              0.7354079        1.000000        0.000000    
 k_ppt64               3.215154        1.000000        0.000000    
 k_ppt65               1.806551        1.000000        0.000000    
 k_ppt66               2.295327        1.000000        0.000000    
 k_ppt67               1.894811        1.000000        0.000000    
 k_ppt68               1.099967        1.000000        0.000000    
 k_ppt69              0.5422305        1.000000        0.000000    
 k_ppt70              0.8984259        1.000000        0.000000    
 k_ppt71               1.452228        1.000000        0.000000    
 k_ppt72               3.026824        1.000000        0.000000    
 k_ppt73               1.296846        1.000000        0.000000    
 k_ppt74               1.395797        1.000000        0.000000    
 k_ppt75               2.193507        1.000000        0.000000    
 k_ppt76               1.292013        1.000000        0.000000    
 k_ppt77              0.6433433        1.000000        0.000000    
 k_ppt78              0.7605397        1.000000        0.000000    
 k_ppt79               1.106487        1.000000        0.000000    
 k_ppt80               1.670368        1.000000        0.000000    
 k_ppt81              0.9991829        1.000000        0.000000    
 k_ppt82               1.355141        1.000000        0.000000    
 k_ppt83               1.361501        1.000000        0.000000    
 k_ppt84              0.7640198        1.000000        0.000000    
 k_ppt85              0.6280850        1.000000        0.000000    
 k_ppt86              0.3509110        1.000000        0.000000    
 k_ppt87              0.3335572        1.000000        0.000000    
 k_ppt88               1.399534        1.000000        0.000000    
 k_ppt89               1.621094        1.000000        0.000000    
 k_ppt90               1.527521        1.000000        0.000000    
 k_ppt91               2.137036        1.000000        0.000000    
 k_ppt92              0.8981787        1.000000        0.000000    
 k_ppt93              0.5281647        1.000000        0.000000    
 k_ppt94              0.3101721        1.000000        0.000000    
 k_ppt95              0.7583673        1.000000        0.000000    
 k_ppt96               1.091396        1.000000        0.000000    
 k_ppt97               1.674618        1.000000        0.000000    
 k_ppt98               2.563039        1.000000        0.000000    
 k_ppt99               1.118412        1.000000        0.000000    
 k_ppt100              1.655935        1.000000        0.000000    
 k_ppt101             0.5567695        1.000000        0.000000    
 k_ppt102             0.2196996        1.000000        0.000000    
 k_ppt103             0.6871553        1.000000        0.000000    
 k_ppt104              1.102584        1.000000        0.000000    
